year;origin;dest;export_val;import_val
1970;afg;arg;0.0;2000.0
1970;afg;aus;44000.0;149000.0
1970;afg;aut;213000.0;55000.0
1970;afg;bel;84000.0;269000.0
1970;afg;bhr;0.0;16000.0
1970;afg;can;105000.0;1212000.0
1970;afg;che;1676000.0;1561000.0
1970;afg;cod;30000.0;0.0
1970;afg;col;0.0;5000.0
1970;afg;cri;1000.0;0.0
1970;afg;csk;591000.0;786000.0
1970;afg;deu;16011000.0;7301000.0
1970;afg;dnk;255000.0;164000.0
1970;afg;egy;0.0;1000.0
1970;afg;esp;49000.0;4000.0
1970;afg;fdr;16011000.0;7301000.0
1970;afg;fin;70000.0;15000.0
1970;afg;fra;1251000.0;1420000.0
1970;afg;gbr;15238000.0;5305000.0
1970;afg;glp;6000.0;0.0
1970;afg;grc;611000.0;22000.0
1970;afg;hkg;6000.0;786000.0
1970;afg;hnd;14000.0;0.0
1970;afg;hun;0.0;4000.0
1970;afg;ind;11338000.0;12703000.0
1970;afg;irl;6000.0;2000.0
1970;afg;irn;801000.0;2784000.0
1970;afg;irq;45000.0;0.0
1970;afg;isl;1000.0;164000.0
1970;afg;ita;478000.0;750000.0
1970;afg;jor;99000.0;0.0
1970;afg;jpn;188000.0;19027000.0
1970;afg;kor;0.0;4000.0
1970;afg;kwt;8000.0;49000.0
1970;afg;lbn;2812000.0;475000.0
1970;afg;lka;0.0;50000.0
1970;afg;mlt;4000.0;0.0
1970;afg;mmr;1000.0;0.0
1970;afg;mwi;2000.0;0.0
1970;afg;mys;0.0;8000.0
1970;afg;nld;247000.0;1483000.0
1970;afg;nor;37000.0;490000.0
1970;afg;nzl;2000.0;2000.0
1970;afg;pak;22853000.0;3281000.0
1970;afg;phl;25000.0;11000.0
1970;afg;pol;432000.0;141000.0
1970;afg;prt;0.0;6000.0
1970;afg;sau;25000.0;0.0
1970;afg;sgp;49000.0;477000.0
1970;afg;sun;32520000.0;37428000.0
1970;afg;swe;682000.0;274000.0
1970;afg;syr;32000.0;6000.0
1970;afg;tto;5000.0;0.0
1970;afg;tur;60000.0;3000.0
1970;afg;twn;2000.0;6124000.0
1970;afg;usa;3869000.0;3508000.0
1970;afg;ven;4000.0;0.0
1970;afg;wld;113009000.0;109681000.0
1970;afg;xxh;114000.0;1354000.0
1970;afg;zmb;13000.0;0.0
1970;ago;arg;0.0;84000.0
1970;ago;aus;3000.0;504000.0
1970;ago;aut;600000.0;1786000.0
1970;ago;bel;5075000.0;9635000.0
1970;ago;bhr;3000.0;0.0
1970;ago;bra;0.0;490000.0
1970;ago;can;9226000.0;627000.0
1970;ago;che;5595000.0;4207000.0
1970;ago;civ;316000.0;15000.0
1970;ago;cod;7586000.0;237000.0
1970;ago;cog;10000.0;0.0
1970;ago;col;0.0;4000.0
1970;ago;deu;36639000.0;37765000.0
1970;ago;dnk;20701000.0;4628000.0
1970;ago;esp;22793000.0;3237000.0
1970;ago;fdr;36639000.0;37765000.0
1970;ago;fin;913000.0;189000.0
1970;ago;fio;70000.0;0.0
1970;ago;fra;6814000.0;17298000.0
1970;ago;gab;0.0;151000.0
1970;ago;gbr;21407000.0;32708000.0
1970;ago;gha;3000.0;0.0
1970;ago;grc;634000.0;2000.0
1970;ago;hkg;476000.0;567000.0
1970;ago;ind;313000.0;10000.0
1970;ago;irl;46000.0;9000.0
1970;ago;irn;403000.0;0.0
1970;ago;isr;50000.0;140000.0
1970;ago;ita;2522000.0;11758000.0
1970;ago;jor;3000.0;0.0
1970;ago;jpn;40191000.0;16324000.0
1970;ago;lbn;0.0;123000.0
1970;ago;lbr;6000.0;0.0
1970;ago;mar;154000.0;2000.0
1970;ago;mlt;1000.0;15000.0
1970;ago;mus;3000.0;0.0
1970;ago;mwi;16000.0;6000.0
1970;ago;naa;0.0;274000.0
1970;ago;nga;1803000.0;397000.0
1970;ago;nld;42356000.0;5037000.0
1970;ago;nor;876000.0;3353000.0
1970;ago;nzl;25000.0;3000.0
1970;ago;pan;12000.0;0.0
1970;ago;per;0.0;1000.0
1970;ago;prt;153764000.0;118882000.0
1970;ago;sen;0.0;22000.0
1970;ago;sgp;721000.0;294000.0
1970;ago;swe;476000.0;5199000.0
1970;ago;tha;7000.0;151000.0
1970;ago;tto;1039000.0;403000.0
1970;ago;twn;110000.0;1067000.0
1970;ago;usa;68638000.0;38104000.0
1970;ago;vnm;138000.0;0.0
1970;ago;wld;452899000.0;315708000.0
1970;ago;yug;202000.0;0.0
1970;ago;zmb;160000.0;0.0
1970;alb;arg;0.0;30000.0
1970;alb;aut;746000.0;847000.0
1970;alb;bel;28000.0;201000.0
1970;alb;bhr;1000.0;0.0
1970;alb;can;3000.0;3990000.0
1970;alb;che;110000.0;1520000.0
1970;alb;cmr;24000.0;0.0
1970;alb;cog;46000.0;0.0
1970;alb;deu;1227000.0;3249000.0
1970;alb;dnk;1000.0;34000.0
1970;alb;egy;677000.0;1688000.0
1970;alb;esp;1000.0;5000.0
1970;alb;eth;4000.0;0.0
1970;alb;fdr;1227000.0;3249000.0
1970;alb;fin;1000.0;11000.0
1970;alb;fra;794000.0;1214000.0
1970;alb;gbr;6000.0;398000.0
1970;alb;grc;23000.0;18000.0
1970;alb;ind;0.0;1000.0
1970;alb;irl;1000.0;0.0
1970;alb;ita;5714000.0;6855000.0
1970;alb;jpn;0.0;787000.0
1970;alb;kor;0.0;5000.0
1970;alb;lby;26000.0;0.0
1970;alb;lka;0.0;342000.0
1970;alb;mar;0.0;672000.0
1970;alb;mlt;152000.0;0.0
1970;alb;mus;1000.0;0.0
1970;alb;nld;75000.0;2266000.0
1970;alb;nor;0.0;8000.0
1970;alb;pak;7000.0;13000.0
1970;alb;sen;17000.0;0.0
1970;alb;swe;188000.0;671000.0
1970;alb;tur;87000.0;4000.0
1970;alb;usa;151000.0;4000.0
1970;alb;wld;13072000.0;27091000.0
1970;alb;yug;2960000.0;2258000.0
1970;alb;zmb;1000.0;0.0
1970;are;aus;6551000.0;4467000.0
1970;are;aut;0.0;1042000.0
1970;are;bhr;2689000.0;4147000.0
1970;are;bra;2354000.0;3000.0
1970;are;can;6859000.0;304000.0
1970;are;gbr;73861000.0;51466000.0
1970;are;hkg;626000.0;4870000.0
1970;are;ind;54000.0;5211000.0
1970;are;irl;0.0;135000.0
1970;are;irn;2562000.0;3231000.0
1970;are;jor;0.0;40000.0
1970;are;kor;0.0;8000.0
1970;are;kwt;155000.0;11678000.0
1970;are;lka;700000.0;141000.0
1970;are;mlt;0.0;23000.0
1970;are;mmr;0.0;668000.0
1970;are;mys;0.0;16000.0
1970;are;sdn;2000.0;16000.0
1970;are;sgp;157000.0;2219000.0
1970;are;swe;18567000.0;722000.0
1970;are;wld;115137000.0;90407000.0
1970;arg;afg;2000.0;0.0
1970;arg;ago;84000.0;0.0
1970;arg;alb;30000.0;0.0
1970;arg;aus;1812000.0;2881000.0
1970;arg;aut;6740000.0;6322000.0
1970;arg;bel;94411000.0;21514000.0
1970;arg;ben;4000.0;0.0
1970;arg;bgr;1613000.0;132000.0
1970;arg;bhr;14000.0;0.0
1970;arg;bhs;225000.0;1026000.0
1970;arg;blz;18000.0;0.0
1970;arg;bmu;98000.0;0.0
1970;arg;bol;16875000.0;11302000.0
1970;arg;bra;170733000.0;185910000.0
1970;arg;brb;1290000.0;0.0
1970;arg;can;8601000.0;44923000.0
1970;arg;che;27683000.0;33206000.0
1970;arg;chl;93318000.0;75375000.0
1970;arg;chn;2518000.0;909000.0
1970;arg;civ;275000.0;490000.0
1970;arg;cmr;2000.0;0.0
1970;arg;cod;2067000.0;6000.0
1970;arg;cog;794000.0;55000.0
1970;arg;col;14375000.0;12229000.0
1970;arg;cri;450000.0;2000.0
1970;arg;csk;10955000.0;2849000.0
1970;arg;cyp;863000.0;3000.0
1970;arg;ddr;2882000.0;46000.0
1970;arg;deu;172543000.0;185931000.0
1970;arg;dnk;14674000.0;3696000.0
1970;arg;dom;176000.0;0.0
1970;arg;dza;2448000.0;373000.0
1970;arg;ecu;2218000.0;4389000.0
1970;arg;egy;1328000.0;2000.0
1970;arg;esp;106443000.0;33234000.0
1970;arg;eth;3000.0;0.0
1970;arg;fdr;169661000.0;185885000.0
1970;arg;fin;4141000.0;22335000.0
1970;arg;fio;11000.0;0.0
1970;arg;fji;1000.0;0.0
1970;arg;fra;109360000.0;63512000.0
1970;arg;gab;38000.0;0.0
1970;arg;gbr;154294000.0;92464000.0
1970;arg;gha;562000.0;1250000.0
1970;arg;gib;206000.0;0.0
1970;arg;gin;37000.0;0.0
1970;arg;glp;1012000.0;0.0
1970;arg;gmb;2000.0;0.0
1970;arg;gnb;2000.0;0.0
1970;arg;gnq;133000.0;0.0
1970;arg;grc;41025000.0;1164000.0
1970;arg;gtm;662000.0;20000.0
1970;arg;guf;41000.0;0.0
1970;arg;guy;58000.0;819000.0
1970;arg;hkg;5509000.0;2584000.0
1970;arg;hnd;115000.0;0.0
1970;arg;hti;96000.0;0.0
1970;arg;hun;8109000.0;809000.0
1970;arg;idn;29000.0;10000.0
1970;arg;ind;5479000.0;2761000.0
1970;arg;irl;9467000.0;687000.0
1970;arg;irn;4209000.0;1054000.0
1970;arg;irq;59000.0;0.0
1970;arg;isl;16000.0;27000.0
1970;arg;isr;15554000.0;860000.0
1970;arg;ita;295214000.0;121684000.0
1970;arg;jam;902000.0;5000.0
1970;arg;jor;1821000.0;0.0
1970;arg;jpn;153817000.0;85767000.0
1970;arg;ken;170000.0;291000.0
1970;arg;kir;1000.0;0.0
1970;arg;kna;120000.0;65000.0
1970;arg;kor;185000.0;396000.0
1970;arg;kwt;569000.0;996000.0
1970;arg;lao;1000.0;0.0
1970;arg;lbn;2963000.0;3000.0
1970;arg;lbr;38000.0;588000.0
1970;arg;lby;2022000.0;0.0
1970;arg;lka;3640000.0;189000.0
1970;arg;mac;21000.0;0.0
1970;arg;mar;52000.0;61000.0
1970;arg;mdg;5000.0;3000.0
1970;arg;mex;14281000.0;14030000.0
1970;arg;mlt;451000.0;0.0
1970;arg;mmr;3000.0;0.0
1970;arg;moz;35000.0;23000.0
1970;arg;mrt;1000.0;0.0
1970;arg;mus;81000.0;0.0
1970;arg;mys;348000.0;7365000.0
1970;arg;naa;1965000.0;7842000.0
1970;arg;ncl;15000.0;0.0
1970;arg;nga;55000.0;350000.0
1970;arg;nic;311000.0;3000.0
1970;arg;nld;127750000.0;32594000.0
1970;arg;nor;8581000.0;7743000.0
1970;arg;nzl;34000.0;70000.0
1970;arg;pak;13000.0;16776000.0
1970;arg;pan;677000.0;2326000.0
1970;arg;per;40013000.0;14073000.0
1970;arg;phl;2596000.0;2705000.0
1970;arg;png;10000.0;0.0
1970;arg;pol;15381000.0;11633000.0
1970;arg;prk;31000.0;0.0
1970;arg;prt;7689000.0;1527000.0
1970;arg;pry;12578000.0;19852000.0
1970;arg;qat;0.0;7419000.0
1970;arg;rou;7459000.0;2793000.0
1970;arg;sau;5000.0;1280000.0
1970;arg;sdn;14000.0;24000.0
1970;arg;sen;306000.0;10000.0
1970;arg;sgp;1539000.0;6859000.0
1970;arg;shn;5000.0;0.0
1970;arg;sle;1000.0;0.0
1970;arg;slv;197000.0;5000.0
1970;arg;som;4000.0;0.0
1970;arg;sun;27343000.0;3100000.0
1970;arg;sur;47000.0;325000.0
1970;arg;swe;14068000.0;34573000.0
1970;arg;syr;998000.0;0.0
1970;arg;tcd;5000.0;0.0
1970;arg;tgo;9000.0;0.0
1970;arg;tha;73000.0;65000.0
1970;arg;tto;623000.0;552000.0
1970;arg;tun;1185000.0;12000.0
1970;arg;tur;36000.0;328000.0
1970;arg;twn;8306000.0;80000.0
1970;arg;tza;818000.0;29000.0
1970;arg;uga;3000.0;8000.0
1970;arg;ury;28177000.0;6669000.0
1970;arg;usa;171962000.0;420462000.0
1970;arg;ven;12632000.0;30533000.0
1970;arg;vnm;48000.0;0.0
1970;arg;wld;2099156000.0;1688976000.0
1970;arg;wsm;1000.0;0.0
1970;arg;xxb;11000.0;0.0
1970;arg;xxe;433000.0;0.0
1970;arg;yar;660000.0;0.0
1970;arg;yug;6846000.0;363000.0
1970;arg;zaf;3956000.0;7177000.0
1970;arg;zmb;1034000.0;235000.0
1970;arg;zwe;2000.0;0.0
1970;aus;afg;149000.0;44000.0
1970;aus;ago;504000.0;3000.0
1970;aus;are;4467000.0;6551000.0
1970;aus;arg;2881000.0;1812000.0
1970;aus;aus;8640000.0;8640000.0
1970;aus;aut;8190000.0;11887000.0
1970;aus;bdi;15000.0;0.0
1970;aus;bel;54641000.0;34310000.0
1970;aus;ben;20000.0;1000.0
1970;aus;bgr;299000.0;4417000.0
1970;aus;bhr;2321000.0;23728000.0
1970;aus;bhs;91000.0;138000.0
1970;aus;blz;279000.0;5000.0
1970;aus;bmu;341000.0;0.0
1970;aus;bol;776000.0;0.0
1970;aus;bra;4767000.0;9013000.0
1970;aus;brb;1540000.0;34000.0
1970;aus;can;139946000.0;176319000.0
1970;aus;che;9412000.0;72761000.0
1970;aus;chl;2022000.0;2785000.0
1970;aus;chn;129010000.0;35521000.0
1970;aus;civ;45000.0;190000.0
1970;aus;cmr;59000.0;50000.0
1970;aus;cod;233000.0;788000.0
1970;aus;cog;2000.0;82000.0
1970;aus;col;389000.0;33000.0
1970;aus;cri;106000.0;51000.0
1970;aus;csk;8344000.0;8918000.0
1970;aus;cub;760000.0;102000.0
1970;aus;cyp;1049000.0;92000.0
1970;aus;ddr;5759000.0;4934000.0
1970;aus;deu;172745000.0;316117000.0
1970;aus;dji;126000.0;1000.0
1970;aus;dnk;5992000.0;13483000.0
1970;aus;dom;71000.0;1000.0
1970;aus;dza;0.0;51000.0
1970;aus;ecu;1523000.0;123000.0
1970;aus;egy;7837000.0;4108000.0
1970;aus;esp;23175000.0;17699000.0
1970;aus;eth;3394000.0;82000.0
1970;aus;fdr;166986000.0;311183000.0
1970;aus;fin;6896000.0;22045000.0
1970;aus;fio;258000.0;18000.0
1970;aus;fji;24561000.0;16945000.0
1970;aus;flk;2000.0;0.0
1970;aus;fra;180111000.0;79655000.0
1970;aus;gab;26000.0;0.0
1970;aus;gbr;622188000.0;959080000.0
1970;aus;gha;1030000.0;11414000.0
1970;aus;gin;16000.0;0.0
1970;aus;glp;308000.0;1000.0
1970;aus;gmb;2000.0;0.0
1970;aus;gnb;5000.0;0.0
1970;aus;grc;17981000.0;11897000.0
1970;aus;gtm;86000.0;27000.0
1970;aus;guf;6000.0;1000.0
1970;aus;guy;1488000.0;673000.0
1970;aus;hkg;70975000.0;65603000.0
1970;aus;hnd;2000.0;6000.0
1970;aus;hti;17000.0;1000.0
1970;aus;hun;1744000.0;3073000.0
1970;aus;idn;37002000.0;38757000.0
1970;aus;ind;47879000.0;34679000.0
1970;aus;irl;9069000.0;6191000.0
1970;aus;irn;19857000.0;12619000.0
1970;aus;irq;9989000.0;13977000.0
1970;aus;isl;151000.0;775000.0
1970;aus;isr;3508000.0;5526000.0
1970;aus;ita;127895000.0;93232000.0
1970;aus;jam;6430000.0;535000.0
1970;aus;jor;257000.0;0.0
1970;aus;jpn;1507820000.0;573900000.0
1970;aus;ken;5307000.0;1744000.0
1970;aus;khm;569000.0;41000.0
1970;aus;kir;12767000.0;4903000.0
1970;aus;kna;781000.0;169000.0
1970;aus;kor;13734000.0;4293000.0
1970;aus;kwt;14743000.0;47315000.0
1970;aus;lao;637000.0;0.0
1970;aus;lbn;7126000.0;163000.0
1970;aus;lbr;29000.0;2000.0
1970;aus;lby;2196000.0;0.0
1970;aus;lka;18900000.0;12183000.0
1970;aus;mac;7000.0;42000.0
1970;aus;mar;86000.0;886000.0
1970;aus;mdg;294000.0;407000.0
1970;aus;mex;11054000.0;4807000.0
1970;aus;mli;3000.0;0.0
1970;aus;mlt;3487000.0;166000.0
1970;aus;mmr;3934000.0;273000.0
1970;aus;mng;0.0;26000.0
1970;aus;moz;7072000.0;705000.0
1970;aus;mrt;2000.0;7000.0
1970;aus;mus;5517000.0;137000.0
1970;aus;mwi;1581000.0;617000.0
1970;aus;mys;82489000.0;38896000.0
1970;aus;naa;128000.0;1620000.0
1970;aus;ncl;28878000.0;1072000.0
1970;aus;ner;7000.0;5000.0
1970;aus;nga;3409000.0;1843000.0
1970;aus;nic;82000.0;443000.0
1970;aus;nld;35277000.0;78730000.0
1970;aus;nor;12449000.0;11317000.0
1970;aus;npl;64000.0;7000.0
1970;aus;nzl;245631000.0;105213000.0
1970;aus;omn;1950000.0;0.0
1970;aus;pak;23950000.0;21433000.0
1970;aus;pan;809000.0;191000.0
1970;aus;per;6580000.0;1894000.0
1970;aus;phl;56412000.0;4713000.0
1970;aus;png;126326000.0;23860000.0
1970;aus;pol;16946000.0;3492000.0
1970;aus;prk;5493000.0;2000.0
1970;aus;prt;4694000.0;3513000.0
1970;aus;pry;17000.0;207000.0
1970;aus;qat;1097000.0;15425000.0
1970;aus;rou;5233000.0;1076000.0
1970;aus;rwa;21000.0;2000.0
1970;aus;sau;16004000.0;40782000.0
1970;aus;sdn;11051000.0;567000.0
1970;aus;sen;73000.0;0.0
1970;aus;sgp;111781000.0;16438000.0
1970;aus;sle;161000.0;22000.0
1970;aus;slv;18000.0;4000.0
1970;aus;som;96000.0;2000.0
1970;aus;spm;2000.0;0.0
1970;aus;sun;70410000.0;3607000.0
1970;aus;sur;29000.0;0.0
1970;aus;swe;15051000.0;72591000.0
1970;aus;syc;222000.0;28000.0
1970;aus;syr;85000.0;19000.0
1970;aus;tcd;2000.0;0.0
1970;aus;tgo;5000.0;0.0
1970;aus;tha;40948000.0;3441000.0
1970;aus;tto;4702000.0;255000.0
1970;aus;tun;76000.0;5000.0
1970;aus;tur;7873000.0;910000.0
1970;aus;twn;48110000.0;20567000.0
1970;aus;tza;3830000.0;3917000.0
1970;aus;uga;1089000.0;5540000.0
1970;aus;ury;129000.0;168000.0
1970;aus;usa;612334000.0;1138218000.0
1970;aus;ven;1752000.0;542000.0
1970;aus;vnm;1861000.0;108000.0
1970;aus;wld;5350567000.0;4482265000.0
1970;aus;wsm;1625000.0;33000.0
1970;aus;xxb;3068000.0;11822000.0
1970;aus;xxe;3754000.0;95000.0
1970;aus;xxh;198044000.0;35306000.0
1970;aus;yar;2911000.0;518000.0
1970;aus;ymd;3569000.0;6900000.0
1970;aus;yug;28356000.0;697000.0
1970;aus;zaf;83888000.0;24401000.0
1970;aus;zmb;11254000.0;352000.0
1970;aus;zwe;4916000.0;0.0
1970;aut;afg;55000.0;213000.0
1970;aut;ago;1786000.0;600000.0
1970;aut;alb;847000.0;746000.0
1970;aut;are;1042000.0;0.0
1970;aut;arg;6322000.0;6740000.0
1970;aut;aus;11887000.0;8190000.0
1970;aut;bdi;41000.0;0.0
1970;aut;bel;34260000.0;63126000.0
1970;aut;ben;285000.0;12000.0
1970;aut;bfa;20000.0;30000.0
1970;aut;bgr;26522000.0;11031000.0
1970;aut;bhr;947000.0;0.0
1970;aut;blz;11000.0;18000.0
1970;aut;bmu;262000.0;82000.0
1970;aut;bol;739000.0;367000.0
1970;aut;bra;6323000.0;39889000.0
1970;aut;brb;104000.0;1000.0
1970;aut;caf;5000.0;13000.0
1970;aut;can;43682000.0;15950000.0
1970;aut;che;290533000.0;262312000.0
1970;aut;chl;3255000.0;5116000.0
1970;aut;chn;4818000.0;12332000.0
1970;aut;civ;444000.0;2047000.0
1970;aut;cmr;126000.0;433000.0
1970;aut;cod;1819000.0;124000.0
1970;aut;cog;16000.0;212000.0
1970;aut;col;1713000.0;3513000.0
1970;aut;cri;1081000.0;3077000.0
1970;aut;csk;59742000.0;67423000.0
1970;aut;cub;817000.0;130000.0
1970;aut;cyp;1439000.0;1226000.0
1970;aut;ddr;26163000.0;24190000.0
1970;aut;deu;650443000.0;1483519000.0
1970;aut;dji;44000.0;1000.0
1970;aut;dnk;66383000.0;48388000.0
1970;aut;dom;561000.0;255000.0
1970;aut;dza;5141000.0;71000.0
1970;aut;ecu;1332000.0;4470000.0
1970;aut;egy;2704000.0;4535000.0
1970;aut;esp;26688000.0;12869000.0
1970;aut;eth;1057000.0;768000.0
1970;aut;fdr;624280000.0;1459329000.0
1970;aut;fin;38628000.0;18470000.0
1970;aut;fio;6000.0;0.0
1970;aut;fji;38000.0;5000.0
1970;aut;fra;68639000.0;120283000.0
1970;aut;gab;10000.0;680000.0
1970;aut;gbr;181314000.0;240449000.0
1970;aut;gha;1255000.0;7157000.0
1970;aut;gib;45000.0;1000.0
1970;aut;gin;34000.0;1213000.0
1970;aut;glp;30000.0;1000.0
1970;aut;gmb;4000.0;11000.0
1970;aut;gnb;83000.0;506000.0
1970;aut;gnq;3000.0;0.0
1970;aut;grc;27947000.0;13006000.0
1970;aut;gtm;552000.0;2756000.0
1970;aut;guf;3000.0;0.0
1970;aut;guy;121000.0;11000.0
1970;aut;hkg;3985000.0;11764000.0
1970;aut;hnd;822000.0;1857000.0
1970;aut;hti;236000.0;38000.0
1970;aut;hun;76032000.0;59561000.0
1970;aut;idn;2936000.0;1796000.0
1970;aut;ind;3206000.0;2841000.0
1970;aut;irl;3359000.0;1821000.0
1970;aut;irn;16392000.0;4512000.0
1970;aut;irq;5552000.0;8082000.0
1970;aut;isl;458000.0;694000.0
1970;aut;isr;13837000.0;9276000.0
1970;aut;ita;267502000.0;232007000.0
1970;aut;jam;1710000.0;105000.0
1970;aut;jor;1497000.0;0.0
1970;aut;jpn;15639000.0;33710000.0
1970;aut;ken;1877000.0;1451000.0
1970;aut;khm;156000.0;0.0
1970;aut;kor;230000.0;4518000.0
1970;aut;kwt;2694000.0;1000.0
1970;aut;lao;43000.0;0.0
1970;aut;lbn;7884000.0;2716000.0
1970;aut;lbr;74000.0;17000.0
1970;aut;lby;2597000.0;8230000.0
1970;aut;lka;428000.0;1325000.0
1970;aut;mac;2000.0;105000.0
1970;aut;mar;3864000.0;1589000.0
1970;aut;mdg;39000.0;178000.0
1970;aut;mex;1901000.0;3580000.0
1970;aut;mli;17000.0;1000.0
1970;aut;mlt;1543000.0;89000.0
1970;aut;mmr;396000.0;455000.0
1970;aut;mng;70000.0;16000.0
1970;aut;moz;2220000.0;3379000.0
1970;aut;mrt;4000.0;1144000.0
1970;aut;mus;354000.0;0.0
1970;aut;mwi;130000.0;1282000.0
1970;aut;mys;2608000.0;7159000.0
1970;aut;naa;563000.0;23000.0
1970;aut;ncl;721000.0;907000.0
1970;aut;ner;48000.0;0.0
1970;aut;nga;6077000.0;3461000.0
1970;aut;nic;41000.0;725000.0
1970;aut;nld;56491000.0;103096000.0
1970;aut;nor;40269000.0;16876000.0
1970;aut;npl;20000.0;15000.0
1970;aut;nzl;2132000.0;2529000.0
1970;aut;omn;31000.0;1000.0
1970;aut;pak;1821000.0;1300000.0
1970;aut;pan;383000.0;2589000.0
1970;aut;per;2450000.0;9068000.0
1970;aut;phl;487000.0;1342000.0
1970;aut;png;60000.0;496000.0
1970;aut;pol;44626000.0;57908000.0
1970;aut;prk;3864000.0;290000.0
1970;aut;prt;24856000.0;15246000.0
1970;aut;pry;499000.0;330000.0
1970;aut;qat;324000.0;0.0
1970;aut;rou;46739000.0;28751000.0
1970;aut;rwa;17000.0;116000.0
1970;aut;sau;3960000.0;1277000.0
1970;aut;sdn;4533000.0;1476000.0
1970;aut;sen;210000.0;6000.0
1970;aut;sgp;5686000.0;234000.0
1970;aut;sle;131000.0;6000.0
1970;aut;slv;85000.0;2289000.0
1970;aut;som;194000.0;4000.0
1970;aut;spm;3000.0;0.0
1970;aut;sun;82077000.0;78089000.0
1970;aut;sur;159000.0;919000.0
1970;aut;swe;131004000.0;91983000.0
1970;aut;syr;4498000.0;1664000.0
1970;aut;tcd;320000.0;66000.0
1970;aut;tgo;81000.0;2000.0
1970;aut;tha;7919000.0;2794000.0
1970;aut;tto;199000.0;71000.0
1970;aut;tun;7074000.0;2816000.0
1970;aut;tur;9947000.0;18908000.0
1970;aut;twn;725000.0;1328000.0
1970;aut;tza;469000.0;885000.0
1970;aut;uga;642000.0;1746000.0
1970;aut;ury;912000.0;5833000.0
1970;aut;usa;119529000.0;121327000.0
1970;aut;ven;3210000.0;38000.0
1970;aut;vnm;30000.0;107000.0
1970;aut;wld;2805468000.0;3531326000.0
1970;aut;wsm;3000.0;0.0
1970;aut;xxb;170000.0;0.0
1970;aut;xxe;6000.0;0.0
1970;aut;yar;30000.0;0.0
1970;aut;ymd;190000.0;11000.0
1970;aut;yug;151750000.0;49844000.0
1970;aut;zaf;20002000.0;21730000.0
1970;aut;zmb;899000.0;11127000.0
1970;bdi;aus;0.0;15000.0
1970;bdi;aut;0.0;41000.0
1970;bdi;bel;596000.0;3048000.0
1970;bdi;che;0.0;154000.0
1970;bdi;cmr;0.0;2000.0
1970;bdi;cod;278000.0;2107000.0
1970;bdi;col;1000.0;0.0
1970;bdi;deu;2303000.0;1821000.0
1970;bdi;dnk;163000.0;124000.0
1970;bdi;egy;0.0;6000.0
1970;bdi;esp;279000.0;160000.0
1970;bdi;fdr;2303000.0;1821000.0
1970;bdi;fin;0.0;19000.0
1970;bdi;fra;448000.0;1762000.0
1970;bdi;gab;0.0;20000.0
1970;bdi;gbr;469000.0;628000.0
1970;bdi;grc;38000.0;34000.0
1970;bdi;ind;0.0;24000.0
1970;bdi;irl;3000.0;0.0
1970;bdi;isr;52000.0;32000.0
1970;bdi;ita;1418000.0;746000.0
1970;bdi;jpn;1016000.0;2806000.0
1970;bdi;ken;0.0;1190000.0
1970;bdi;lbr;3000.0;0.0
1970;bdi;mdg;3000.0;0.0
1970;bdi;mlt;0.0;3000.0
1970;bdi;nld;54000.0;459000.0
1970;bdi;nor;0.0;6000.0
1970;bdi;nzl;2000.0;0.0
1970;bdi;pak;0.0;17000.0
1970;bdi;prt;255000.0;1000.0
1970;bdi;swe;69000.0;156000.0
1970;bdi;tza;16000.0;2314000.0
1970;bdi;uga;0.0;251000.0
1970;bdi;usa;21239000.0;2717000.0
1970;bdi;wld;28705000.0;20665000.0
1970;bdi;yug;0.0;2000.0
1970;bel;afg;269000.0;84000.0
1970;bel;ago;9635000.0;5075000.0
1970;bel;alb;201000.0;28000.0
1970;bel;arg;21514000.0;94411000.0
1970;bel;aus;34310000.0;54641000.0
1970;bel;aut;63126000.0;34260000.0
1970;bel;bdi;3048000.0;596000.0
1970;bel;ben;1968000.0;201000.0
1970;bel;bfa;1039000.0;119000.0
1970;bel;bgr;9846000.0;5039000.0
1970;bel;bhr;1178000.0;109000.0
1970;bel;bmu;2182000.0;310000.0
1970;bel;bol;1934000.0;13066000.0
1970;bel;bra;44398000.0;78037000.0
1970;bel;brb;388000.0;192000.0
1970;bel;caf;1045000.0;3663000.0
1970;bel;can;49321000.0;151521000.0
1970;bel;che;229263000.0;127039000.0
1970;bel;chl;8036000.0;42921000.0
1970;bel;chn;22859000.0;10591000.0
1970;bel;civ;10058000.0;12207000.0
1970;bel;cmr;6560000.0;4090000.0
1970;bel;cod;130336000.0;464005000.0
1970;bel;cog;2171000.0;2098000.0
1970;bel;col;9561000.0;10666000.0
1970;bel;cri;6360000.0;3165000.0
1970;bel;csk;21262000.0;19378000.0
1970;bel;cub;5242000.0;3847000.0
1970;bel;cyp;5092000.0;562000.0
1970;bel;ddr;15865000.0;32318000.0
1970;bel;deu;2776590000.0;2683765000.0
1970;bel;dji;331000.0;24000.0
1970;bel;dnk;126942000.0;41407000.0
1970;bel;dom;3899000.0;5795000.0
1970;bel;dza;33852000.0;20235000.0
1970;bel;ecu;4645000.0;3134000.0
1970;bel;egy;3570000.0;12026000.0
1970;bel;esp;110342000.0;63431000.0
1970;bel;eth;1985000.0;469000.0
1970;bel;fdr;2760725000.0;2651447000.0
1970;bel;fin;49934000.0;48739000.0
1970;bel;fio;2868000.0;24000.0
1970;bel;fji;50000.0;0.0
1970;bel;fra;2145770000.0;1947222000.0
1970;bel;gab;2083000.0;1565000.0
1970;bel;gbr;420101000.0;660050000.0
1970;bel;gha;4868000.0;6695000.0
1970;bel;gib;509000.0;16000.0
1970;bel;gin;2776000.0;102000.0
1970;bel;glp;3151000.0;166000.0
1970;bel;gmb;66000.0;1000.0
1970;bel;gnb;425000.0;47000.0
1970;bel;gnq;134000.0;0.0
1970;bel;grc;56423000.0;26446000.0
1970;bel;gtm;4627000.0;2450000.0
1970;bel;guf;336000.0;191000.0
1970;bel;guy;1260000.0;867000.0
1970;bel;hkg;42219000.0;17040000.0
1970;bel;hnd;3470000.0;1564000.0
1970;bel;hti;1320000.0;3064000.0
1970;bel;hun;19412000.0;10372000.0
1970;bel;idn;8780000.0;22486000.0
1970;bel;ind;12788000.0;32373000.0
1970;bel;irl;23368000.0;27853000.0
1970;bel;irn;58141000.0;76543000.0
1970;bel;irq;19506000.0;14382000.0
1970;bel;isl;2988000.0;2180000.0
1970;bel;isr;62637000.0;34203000.0
1970;bel;ita;567363000.0;425644000.0
1970;bel;jam;3689000.0;309000.0
1970;bel;jor;4647000.0;2000.0
1970;bel;jpn;75445000.0;115954000.0
1970;bel;ken;5596000.0;1679000.0
1970;bel;khm;394000.0;181000.0
1970;bel;kor;12372000.0;1281000.0
1970;bel;kwt;7239000.0;90975000.0
1970;bel;lao;15000.0;3000.0
1970;bel;lbn;13653000.0;6408000.0
1970;bel;lbr;1838000.0;24157000.0
1970;bel;lby;6195000.0;116461000.0
1970;bel;lka;2771000.0;1172000.0
1970;bel;mac;6000.0;274000.0
1970;bel;mar;19945000.0;24729000.0
1970;bel;mdg;5563000.0;380000.0
1970;bel;mex;21346000.0;5958000.0
1970;bel;mli;987000.0;436000.0
1970;bel;mlt;2795000.0;908000.0
1970;bel;mmr;2474000.0;1008000.0
1970;bel;mng;36000.0;215000.0
1970;bel;moz;5376000.0;14522000.0
1970;bel;mrt;2034000.0;11247000.0
1970;bel;mus;1050000.0;35000.0
1970;bel;mwi;231000.0;1422000.0
1970;bel;mys;9478000.0;12990000.0
1970;bel;naa;2618000.0;1428000.0
1970;bel;ncl;4461000.0;410000.0
1970;bel;ner;929000.0;11000.0
1970;bel;nga;22672000.0;22239000.0
1970;bel;nic;3573000.0;3076000.0
1970;bel;nld;2194723000.0;1660646000.0
1970;bel;nor;89193000.0;61746000.0
1970;bel;npl;7000.0;2551000.0
1970;bel;nzl;7818000.0;26907000.0
1970;bel;omn;3898000.0;29051000.0
1970;bel;pak;14139000.0;21219000.0
1970;bel;pan;3779000.0;3702000.0
1970;bel;per;14775000.0;37851000.0
1970;bel;phl;8638000.0;3194000.0
1970;bel;pol;26403000.0;23992000.0
1970;bel;prk;69000.0;1778000.0
1970;bel;prt;43745000.0;26908000.0
1970;bel;pry;477000.0;2758000.0
1970;bel;qat;1909000.0;20935000.0
1970;bel;rou;23900000.0;8048000.0
1970;bel;rwa;3349000.0;2997000.0
1970;bel;sau;21115000.0;94239000.0
1970;bel;sdn;5967000.0;3002000.0
1970;bel;sen;3925000.0;1798000.0
1970;bel;sgp;13098000.0;4651000.0
1970;bel;sle;1426000.0;103000.0
1970;bel;slv;5683000.0;428000.0
1970;bel;som;201000.0;367000.0
1970;bel;spm;19000.0;0.0
1970;bel;sun;53945000.0;77076000.0
1970;bel;sur;2019000.0;457000.0
1970;bel;swe;237406000.0;242205000.0
1970;bel;syr;5396000.0;2009000.0
1970;bel;tcd;700000.0;2028000.0
1970;bel;tgo;1205000.0;5301000.0
1970;bel;tha;16108000.0;8295000.0
1970;bel;tto;3035000.0;180000.0
1970;bel;tun;5826000.0;3700000.0
1970;bel;tur;16904000.0;19504000.0
1970;bel;twn;6629000.0;5594000.0
1970;bel;tza;4119000.0;8506000.0
1970;bel;uga;1618000.0;236000.0
1970;bel;ury;2263000.0;5547000.0
1970;bel;usa;697958000.0;995420000.0
1970;bel;ven;27718000.0;50596000.0
1970;bel;vnm;3303000.0;182000.0
1970;bel;wld;11254204000.0;11362209000.0
1970;bel;wsm;15000.0;0.0
1970;bel;xxb;125000.0;0.0
1970;bel;xxe;46000.0;13000.0
1970;bel;xxh;60169000.0;3157000.0
1970;bel;yar;519000.0;532000.0
1970;bel;ymd;1065000.0;2907000.0
1970;bel;yug;39938000.0;12378000.0
1970;bel;zaf;52013000.0;82249000.0
1970;bel;zmb;4664000.0;762000.0
1970;bel;zwe;83000.0;142000.0
1970;ben;arg;0.0;4000.0
1970;ben;aus;1000.0;20000.0
1970;ben;aut;12000.0;285000.0
1970;ben;bel;201000.0;1968000.0
1970;ben;bfa;18000.0;4000.0
1970;ben;bgr;0.0;56000.0
1970;ben;bra;0.0;506000.0
1970;ben;brb;2000.0;391000.0
1970;ben;caf;100000.0;123000.0
1970;ben;can;0.0;96000.0
1970;ben;che;425000.0;290000.0
1970;ben;chl;0.0;2000.0
1970;ben;chn;32000.0;546000.0
1970;ben;civ;302000.0;1481000.0
1970;ben;cmr;20000.0;20000.0
1970;ben;cog;34000.0;2000.0
1970;ben;col;1000.0;0.0
1970;ben;csk;0.0;185000.0
1970;ben;cub;0.0;3000.0
1970;ben;ddr;72000.0;1469000.0
1970;ben;deu;6322000.0;4785000.0
1970;ben;dnk;0.0;255000.0
1970;ben;dza;37000.0;378000.0
1970;ben;egy;0.0;392000.0
1970;ben;esp;134000.0;217000.0
1970;ben;fdr;6250000.0;3316000.0
1970;ben;fin;0.0;6000.0
1970;ben;fio;0.0;2000.0
1970;ben;fra;15589000.0;26818000.0
1970;ben;gab;14000.0;17000.0
1970;ben;gbr;667000.0;3414000.0
1970;ben;gha;139000.0;54000.0
1970;ben;grc;0.0;8000.0
1970;ben;hkg;196000.0;1704000.0
1970;ben;hun;0.0;294000.0
1970;ben;ind;144000.0;3000.0
1970;ben;irq;0.0;521000.0
1970;ben;isl;0.0;10000.0
1970;ben;isr;11000.0;63000.0
1970;ben;ita;1706000.0;1929000.0
1970;ben;jpn;3971000.0;1729000.0
1970;ben;ken;0.0;1000.0
1970;ben;khm;0.0;92000.0
1970;ben;kor;24000.0;49000.0
1970;ben;kwt;0.0;26000.0
1970;ben;lbr;2000.0;16000.0
1970;ben;lby;0.0;110000.0
1970;ben;lka;0.0;1000.0
1970;ben;mar;122000.0;339000.0
1970;ben;mdg;19000.0;12000.0
1970;ben;mex;28000.0;0.0
1970;ben;mli;15000.0;23000.0
1970;ben;mrt;1000.0;0.0
1970;ben;naa;0.0;10000.0
1970;ben;ner;418000.0;5000.0
1970;ben;nga;247000.0;1208000.0
1970;ben;nld;1185000.0;3585000.0
1970;ben;nor;0.0;43000.0
1970;ben;pak;0.0;40000.0
1970;ben;phl;26000.0;0.0
1970;ben;pol;0.0;103000.0
1970;ben;prk;0.0;9000.0
1970;ben;rou;0.0;181000.0
1970;ben;sen;699000.0;1855000.0
1970;ben;sle;0.0;3000.0
1970;ben;slv;0.0;1000.0
1970;ben;sun;0.0;849000.0
1970;ben;swe;177000.0;107000.0
1970;ben;tcd;0.0;34000.0
1970;ben;tgo;577000.0;1519000.0
1970;ben;tto;0.0;193000.0
1970;ben;tun;0.0;178000.0
1970;ben;twn;0.0;443000.0
1970;ben;usa;1598000.0;3401000.0
1970;ben;ven;0.0;179000.0
1970;ben;wld;35219000.0;63497000.0
1970;ben;xxh;2000.0;174000.0
1970;ben;yar;0.0;107000.0
1970;ben;ymd;0.0;4000.0
1970;ben;yug;0.0;16000.0
1970;ben;zaf;1000.0;0.0
1970;bfa;aut;30000.0;20000.0
1970;bfa;bel;119000.0;1039000.0
1970;bfa;ben;4000.0;18000.0
1970;bfa;bgr;0.0;1000.0
1970;bfa;caf;0.0;1000.0
1970;bfa;can;0.0;14000.0
1970;bfa;che;463000.0;63000.0
1970;bfa;chl;0.0;2000.0
1970;bfa;chn;386000.0;185000.0
1970;bfa;civ;217000.0;5021000.0
1970;bfa;cmr;0.0;2000.0
1970;bfa;cog;0.0;1093000.0
1970;bfa;col;0.0;1000.0
1970;bfa;csk;0.0;35000.0
1970;bfa;ddr;0.0;47000.0
1970;bfa;deu;167000.0;2868000.0
1970;bfa;dnk;1599000.0;78000.0
1970;bfa;dza;137000.0;89000.0
1970;bfa;egy;23000.0;195000.0
1970;bfa;esp;56000.0;300000.0
1970;bfa;fdr;167000.0;2821000.0
1970;bfa;fin;3000.0;6000.0
1970;bfa;fio;0.0;3000.0
1970;bfa;fra;3593000.0;23639000.0
1970;bfa;gab;0.0;1000.0
1970;bfa;gbr;564000.0;702000.0
1970;bfa;gha;2541000.0;476000.0
1970;bfa;grc;55000.0;0.0
1970;bfa;guy;0.0;2000.0
1970;bfa;hkg;919000.0;246000.0
1970;bfa;hun;0.0;35000.0
1970;bfa;idn;0.0;10000.0
1970;bfa;ind;0.0;172000.0
1970;bfa;irl;0.0;2000.0
1970;bfa;irn;0.0;119000.0
1970;bfa;irq;0.0;14000.0
1970;bfa;isr;0.0;18000.0
1970;bfa;ita;2494000.0;1001000.0
1970;bfa;jpn;4533000.0;645000.0
1970;bfa;kor;0.0;29000.0
1970;bfa;kwt;0.0;53000.0
1970;bfa;lbn;61000.0;0.0
1970;bfa;lbr;8000.0;1000.0
1970;bfa;mar;0.0;81000.0
1970;bfa;mdg;0.0;99000.0
1970;bfa;mli;13000.0;1833000.0
1970;bfa;mlt;0.0;1000.0
1970;bfa;ner;25000.0;58000.0
1970;bfa;nga;0.0;52000.0
1970;bfa;nld;8000.0;1407000.0
1970;bfa;nor;0.0;9000.0
1970;bfa;pak;1412000.0;333000.0
1970;bfa;pol;0.0;28000.0
1970;bfa;prk;36000.0;0.0
1970;bfa;rou;0.0;1000.0
1970;bfa;sau;0.0;7000.0
1970;bfa;sen;1000.0;1028000.0
1970;bfa;sun;0.0;29000.0
1970;bfa;swe;147000.0;67000.0
1970;bfa;tgo;13000.0;35000.0
1970;bfa;tto;0.0;328000.0
1970;bfa;tun;0.0;22000.0
1970;bfa;tur;0.0;15000.0
1970;bfa;twn;0.0;272000.0
1970;bfa;usa;1000.0;2111000.0
1970;bfa;ven;0.0;415000.0
1970;bfa;wld;19628000.0;46544000.0
1970;bfa;xxh;0.0;99000.0
1970;bfa;yar;0.0;2000.0
1970;bfa;ymd;0.0;8000.0
1970;bfa;yug;0.0;5000.0
1970;bgr;arg;132000.0;1613000.0
1970;bgr;aus;4417000.0;299000.0
1970;bgr;aut;11031000.0;26522000.0
1970;bgr;bel;5039000.0;9846000.0
1970;bgr;ben;56000.0;0.0
1970;bgr;bfa;1000.0;0.0
1970;bgr;bhr;99000.0;0.0
1970;bgr;bol;18000.0;0.0
1970;bgr;bra;53000.0;3417000.0
1970;bgr;can;1051000.0;3272000.0
1970;bgr;che;4093000.0;12384000.0
1970;bgr;chl;234000.0;0.0
1970;bgr;civ;365000.0;275000.0
1970;bgr;cmr;23000.0;0.0
1970;bgr;cod;70000.0;0.0
1970;bgr;col;337000.0;2167000.0
1970;bgr;cri;3000.0;0.0
1970;bgr;deu;64693000.0;64332000.0
1970;bgr;dnk;2150000.0;2508000.0
1970;bgr;ecu;1000.0;22000.0
1970;bgr;egy;7968000.0;11454000.0
1970;bgr;esp;6161000.0;6752000.0
1970;bgr;eth;112000.0;3000.0
1970;bgr;fdr;64693000.0;64332000.0
1970;bgr;fin;5597000.0;3948000.0
1970;bgr;fio;9000.0;0.0
1970;bgr;fra;18912000.0;47759000.0
1970;bgr;gab;4000.0;0.0
1970;bgr;gbr;19652000.0;25949000.0
1970;bgr;gha;546000.0;0.0
1970;bgr;glp;2000.0;0.0
1970;bgr;gmb;53000.0;0.0
1970;bgr;grc;9739000.0;14570000.0
1970;bgr;gtm;1000.0;0.0
1970;bgr;guy;1000.0;0.0
1970;bgr;hkg;2000.0;0.0
1970;bgr;hnd;3000.0;0.0
1970;bgr;ind;16940000.0;9633000.0
1970;bgr;irl;742000.0;16000.0
1970;bgr;irn;5442000.0;1798000.0
1970;bgr;isl;32000.0;0.0
1970;bgr;isr;2782000.0;2136000.0
1970;bgr;ita;54249000.0;49518000.0
1970;bgr;jor;2430000.0;0.0
1970;bgr;jpn;9340000.0;20757000.0
1970;bgr;ken;27000.0;10000.0
1970;bgr;khm;19000.0;0.0
1970;bgr;kwt;2383000.0;216000.0
1970;bgr;lbn;7208000.0;395000.0
1970;bgr;lbr;21000.0;0.0
1970;bgr;lby;6037000.0;0.0
1970;bgr;lka;3593000.0;344000.0
1970;bgr;mar;3261000.0;2606000.0
1970;bgr;mdg;1000.0;0.0
1970;bgr;mli;13000.0;0.0
1970;bgr;mlt;947000.0;0.0
1970;bgr;mmr;59000.0;1248000.0
1970;bgr;mus;11000.0;0.0
1970;bgr;mys;225000.0;1837000.0
1970;bgr;ner;4000.0;0.0
1970;bgr;nga;2025000.0;710000.0
1970;bgr;nld;9006000.0;6377000.0
1970;bgr;nor;2786000.0;941000.0
1970;bgr;nzl;19000.0;637000.0
1970;bgr;pak;10373000.0;8822000.0
1970;bgr;pan;57000.0;0.0
1970;bgr;per;4000.0;4263000.0
1970;bgr;prt;520000.0;414000.0
1970;bgr;pry;3000.0;0.0
1970;bgr;sdn;432000.0;621000.0
1970;bgr;sen;14000.0;0.0
1970;bgr;sgp;989000.0;6780000.0
1970;bgr;som;56000.0;0.0
1970;bgr;swe;3823000.0;8842000.0
1970;bgr;tcd;1000.0;0.0
1970;bgr;tgo;29000.0;0.0
1970;bgr;tha;18000.0;1000.0
1970;bgr;tto;16000.0;0.0
1970;bgr;tun;2744000.0;4227000.0
1970;bgr;tur;4411000.0;4810000.0
1970;bgr;tza;37000.0;6000.0
1970;bgr;uga;10000.0;0.0
1970;bgr;usa;2433000.0;15279000.0
1970;bgr;ven;25000.0;0.0
1970;bgr;wld;352161000.0;412455000.0
1970;bgr;xxb;1000.0;0.0
1970;bgr;yug;32848000.0;22119000.0
1970;bgr;zmb;1087000.0;0.0
1970;bhr;afg;16000.0;0.0
1970;bhr;ago;0.0;3000.0
1970;bhr;alb;0.0;1000.0
1970;bhr;are;4147000.0;2689000.0
1970;bhr;arg;0.0;14000.0
1970;bhr;aus;23728000.0;2321000.0
1970;bhr;aut;0.0;947000.0
1970;bhr;bel;109000.0;1178000.0
1970;bhr;bgr;0.0;99000.0
1970;bhr;bhs;0.0;26000.0
1970;bhr;bra;2101000.0;312000.0
1970;bhr;can;8000.0;80000.0
1970;bhr;che;15760000.0;1348000.0
1970;bhr;chn;7000.0;8587000.0
1970;bhr;civ;0.0;2000.0
1970;bhr;csk;0.0;698000.0
1970;bhr;cub;0.0;10000.0
1970;bhr;cyp;0.0;177000.0
1970;bhr;ddr;0.0;113000.0
1970;bhr;deu;566000.0;5745000.0
1970;bhr;dnk;3074000.0;2072000.0
1970;bhr;egy;16000.0;106000.0
1970;bhr;esp;18245000.0;114000.0
1970;bhr;eth;184000.0;159000.0
1970;bhr;fdr;566000.0;5632000.0
1970;bhr;fin;0.0;54000.0
1970;bhr;fji;321000.0;0.0
1970;bhr;fra;183000.0;1885000.0
1970;bhr;gbr;3721000.0;52302000.0
1970;bhr;gnb;0.0;2000.0
1970;bhr;gnq;0.0;6000.0
1970;bhr;grc;0.0;40000.0
1970;bhr;gtm;0.0;415000.0
1970;bhr;hkg;6181000.0;5245000.0
1970;bhr;hun;0.0;104000.0
1970;bhr;idn;2000.0;32000.0
1970;bhr;ind;232000.0;7018000.0
1970;bhr;irl;0.0;35000.0
1970;bhr;irn;341000.0;2665000.0
1970;bhr;irq;242000.0;1759000.0
1970;bhr;isl;0.0;6000.0
1970;bhr;ita;918000.0;3318000.0
1970;bhr;jam;1000.0;4000.0
1970;bhr;jor;1000.0;17000.0
1970;bhr;jpn;25333000.0;20939000.0
1970;bhr;ken;642000.0;405000.0
1970;bhr;kna;0.0;4000.0
1970;bhr;kor;0.0;62000.0
1970;bhr;kwt;134000.0;1241000.0
1970;bhr;lao;1000.0;0.0
1970;bhr;lbn;199000.0;2003000.0
1970;bhr;lka;554000.0;830000.0
1970;bhr;mac;0.0;1000.0
1970;bhr;mar;1000.0;8000.0
1970;bhr;mdg;37000.0;13000.0
1970;bhr;mex;0.0;196000.0
1970;bhr;mlt;0.0;56000.0
1970;bhr;mmr;0.0;552000.0
1970;bhr;mng;0.0;1000.0
1970;bhr;moz;4000.0;22000.0
1970;bhr;mus;175000.0;0.0
1970;bhr;mwi;2000.0;10000.0
1970;bhr;mys;2423000.0;222000.0
1970;bhr;naa;0.0;2000.0
1970;bhr;nga;142000.0;5000.0
1970;bhr;nld;13025000.0;8009000.0
1970;bhr;nor;7339000.0;397000.0
1970;bhr;npl;0.0;3000.0
1970;bhr;nzl;7439000.0;5000.0
1970;bhr;omn;747000.0;473000.0
1970;bhr;pak;9000.0;6119000.0
1970;bhr;phl;336000.0;10000.0
1970;bhr;png;0.0;23000.0
1970;bhr;pol;0.0;410000.0
1970;bhr;prk;0.0;8000.0
1970;bhr;prt;20281000.0;31000.0
1970;bhr;qat;2765000.0;399000.0
1970;bhr;rou;0.0;130000.0
1970;bhr;sau;26340000.0;1273000.0
1970;bhr;sgp;20263000.0;1679000.0
1970;bhr;som;0.0;174000.0
1970;bhr;sun;0.0;99000.0
1970;bhr;swe;4244000.0;5264000.0
1970;bhr;syc;3000.0;0.0
1970;bhr;syr;0.0;148000.0
1970;bhr;tha;871000.0;268000.0
1970;bhr;tun;0.0;9000.0
1970;bhr;tur;0.0;6000.0
1970;bhr;twn;1000.0;1736000.0
1970;bhr;tza;247000.0;213000.0
1970;bhr;uga;0.0;920000.0
1970;bhr;usa;7654000.0;12194000.0
1970;bhr;vnm;770000.0;30000.0
1970;bhr;wld;228685000.0;169097000.0
1970;bhr;xxh;6567000.0;0.0
1970;bhr;yar;1000.0;11000.0
1970;bhr;ymd;1000.0;33000.0
1970;bhr;yug;0.0;48000.0
1970;bhr;zaf;24000.0;806000.0
1970;bhr;zmb;7000.0;2000.0
1970;bhs;arg;1026000.0;225000.0
1970;bhs;aus;138000.0;91000.0
1970;bhs;bhr;26000.0;0.0
1970;bhs;bra;536000.0;2002000.0
1970;bhs;brb;27000.0;67000.0
1970;bhs;can;6182000.0;16274000.0
1970;bhs;che;349000.0;3415000.0
1970;bhs;chl;31000.0;0.0
1970;bhs;col;33000.0;18000.0
1970;bhs;cri;3000.0;0.0
1970;bhs;dnk;707000.0;2156000.0
1970;bhs;ecu;1000.0;9000.0
1970;bhs;egy;0.0;1000.0
1970;bhs;fji;35000.0;0.0
1970;bhs;gbr;6584000.0;23725000.0
1970;bhs;gtm;16000.0;14000.0
1970;bhs;guy;0.0;4000.0
1970;bhs;hkg;310000.0;483000.0
1970;bhs;hnd;6000.0;35000.0
1970;bhs;ind;0.0;70000.0
1970;bhs;irl;306000.0;270000.0
1970;bhs;isl;0.0;3000.0
1970;bhs;isr;2000.0;30000.0
1970;bhs;jpn;2647000.0;12282000.0
1970;bhs;lby;0.0;28972000.0
1970;bhs;mex;403000.0;2112000.0
1970;bhs;mlt;46000.0;4000.0
1970;bhs;naa;1808000.0;5186000.0
1970;bhs;nor;253000.0;5051000.0
1970;bhs;nzl;22000.0;413000.0
1970;bhs;pak;0.0;16000.0
1970;bhs;pan;6000.0;0.0
1970;bhs;per;16000.0;60000.0
1970;bhs;phl;50000.0;4000.0
1970;bhs;prt;63000.0;552000.0
1970;bhs;slv;6000.0;0.0
1970;bhs;swe;1660000.0;732000.0
1970;bhs;tto;13000.0;2240000.0
1970;bhs;usa;82120000.0;171238000.0
1970;bhs;ven;286000.0;11073000.0
1970;bhs;wld;105721000.0;288827000.0
1970;bhs;zmb;4000.0;0.0
1970;blz;arg;0.0;18000.0
1970;blz;aus;5000.0;279000.0
1970;blz;aut;18000.0;11000.0
1970;blz;bra;4000.0;2000.0
1970;blz;can;2901000.0;1646000.0
1970;blz;che;337000.0;215000.0
1970;blz;col;0.0;44000.0
1970;blz;dnk;11000.0;586000.0
1970;blz;fin;16000.0;17000.0
1970;blz;fji;13000.0;0.0
1970;blz;gbr;5627000.0;8256000.0
1970;blz;hkg;0.0;703000.0
1970;blz;irl;0.0;17000.0
1970;blz;jpn;100000.0;650000.0
1970;blz;lka;0.0;9000.0
1970;blz;mar;2000.0;18000.0
1970;blz;mex;197000.0;82000.0
1970;blz;mlt;0.0;9000.0
1970;blz;naa;0.0;108000.0
1970;blz;nor;17000.0;8000.0
1970;blz;nzl;0.0;1000.0
1970;blz;per;0.0;1000.0
1970;blz;phl;31000.0;1000.0
1970;blz;swe;65000.0;101000.0
1970;blz;tha;0.0;2000.0
1970;blz;tto;0.0;32000.0
1970;blz;usa;6610000.0;10609000.0
1970;blz;ven;0.0;91000.0
1970;blz;vnm;2000.0;0.0
1970;blz;wld;15956000.0;23516000.0
1970;bmu;arg;0.0;98000.0
1970;bmu;aus;0.0;341000.0
1970;bmu;aut;82000.0;262000.0
1970;bmu;bel;310000.0;2182000.0
1970;bmu;bra;29000.0;60000.0
1970;bmu;brb;19000.0;161000.0
1970;bmu;caf;1000.0;0.0
1970;bmu;can;179000.0;10836000.0
1970;bmu;civ;0.0;23000.0
1970;bmu;cod;4000.0;0.0
1970;bmu;deu;3340000.0;6161000.0
1970;bmu;dnk;106000.0;1450000.0
1970;bmu;esp;511000.0;2414000.0
1970;bmu;fdr;3340000.0;6161000.0
1970;bmu;fra;1619000.0;8066000.0
1970;bmu;gbr;37021000.0;24982000.0
1970;bmu;glp;92000.0;0.0
1970;bmu;grc;23000.0;36000.0
1970;bmu;guf;4000.0;0.0
1970;bmu;guy;5000.0;34000.0
1970;bmu;hkg;112000.0;573000.0
1970;bmu;ind;0.0;50000.0
1970;bmu;irl;75000.0;244000.0
1970;bmu;isl;144000.0;0.0
1970;bmu;isr;0.0;6000.0
1970;bmu;ita;2728000.0;14386000.0
1970;bmu;jpn;101000.0;23540000.0
1970;bmu;ken;26000.0;125000.0
1970;bmu;mex;634000.0;43000.0
1970;bmu;mli;3000.0;0.0
1970;bmu;mlt;32000.0;1000.0
1970;bmu;mus;4000.0;0.0
1970;bmu;naa;8000.0;2232000.0
1970;bmu;nga;1927000.0;43747000.0
1970;bmu;nld;15465000.0;15330000.0
1970;bmu;nzl;0.0;1836000.0
1970;bmu;pak;0.0;33000.0
1970;bmu;per;0.0;1000.0
1970;bmu;phl;1000.0;3000.0
1970;bmu;sen;0.0;2000.0
1970;bmu;slv;1000.0;0.0
1970;bmu;tha;0.0;22000.0
1970;bmu;tto;15000.0;362000.0
1970;bmu;tur;36000.0;4000.0
1970;bmu;tza;35000.0;124000.0
1970;bmu;uga;1000.0;0.0
1970;bmu;usa;1177000.0;91096000.0
1970;bmu;ven;0.0;2150000.0
1970;bmu;wld;65880000.0;253016000.0
1970;bmu;zmb;10000.0;0.0
1970;bol;arg;11302000.0;16875000.0
1970;bol;aus;0.0;776000.0
1970;bol;aut;367000.0;739000.0
1970;bol;bel;13066000.0;1934000.0
1970;bol;bgr;0.0;18000.0
1970;bol;bra;152000.0;3601000.0
1970;bol;caf;0.0;20000.0
1970;bol;can;127000.0;2074000.0
1970;bol;che;126000.0;2283000.0
1970;bol;chl;1206000.0;2232000.0
1970;bol;chn;0.0;1157000.0
1970;bol;col;1000.0;2106000.0
1970;bol;cri;7000.0;0.0
1970;bol;csk;0.0;1681000.0
1970;bol;cub;0.0;5000.0
1970;bol;ddr;0.0;186000.0
1970;bol;deu;11381000.0;17228000.0
1970;bol;dnk;12000.0;1034000.0
1970;bol;dom;0.0;6000.0
1970;bol;ecu;3000.0;93000.0
1970;bol;egy;0.0;16000.0
1970;bol;esp;2371000.0;1247000.0
1970;bol;fdr;11381000.0;17042000.0
1970;bol;fin;5000.0;407000.0
1970;bol;fra;1960000.0;3415000.0
1970;bol;gbr;67661000.0;7898000.0
1970;bol;grc;30000.0;14000.0
1970;bol;gtm;0.0;52000.0
1970;bol;hkg;0.0;674000.0
1970;bol;hnd;1000.0;10000.0
1970;bol;hti;0.0;2000.0
1970;bol;hun;48000.0;75000.0
1970;bol;idn;1000.0;0.0
1970;bol;ind;1778000.0;392000.0
1970;bol;irl;23000.0;15000.0
1970;bol;irn;1000.0;33000.0
1970;bol;irq;0.0;5000.0
1970;bol;isl;1000.0;2000.0
1970;bol;isr;39000.0;115000.0
1970;bol;ita;450000.0;2986000.0
1970;bol;jam;2000.0;0.0
1970;bol;jpn;37673000.0;19594000.0
1970;bol;kna;0.0;1000.0
1970;bol;kor;0.0;3000.0
1970;bol;lbn;0.0;4000.0
1970;bol;lka;0.0;304000.0
1970;bol;mar;0.0;27000.0
1970;bol;mdg;0.0;7000.0
1970;bol;mex;724000.0;430000.0
1970;bol;naa;0.0;90000.0
1970;bol;nic;1000.0;0.0
1970;bol;nld;1343000.0;5161000.0
1970;bol;nor;0.0;142000.0
1970;bol;nzl;0.0;3000.0
1970;bol;pak;0.0;97000.0
1970;bol;pan;0.0;1660000.0
1970;bol;per;672000.0;1870000.0
1970;bol;pol;0.0;184000.0
1970;bol;prt;2000.0;140000.0
1970;bol;pry;11000.0;1000.0
1970;bol;rou;0.0;10000.0
1970;bol;sau;0.0;1000.0
1970;bol;sgp;0.0;204000.0
1970;bol;slv;0.0;8000.0
1970;bol;sun;1864000.0;10000.0
1970;bol;swe;32000.0;3030000.0
1970;bol;tto;0.0;1000.0
1970;bol;tun;1000.0;0.0
1970;bol;tur;0.0;6000.0
1970;bol;twn;1000.0;179000.0
1970;bol;ury;0.0;275000.0
1970;bol;usa;24781000.0;54075000.0
1970;bol;ven;8000.0;28000.0
1970;bol;wld;179237000.0;159340000.0
1970;bol;yar;0.0;9000.0
1970;bol;yug;0.0;10000.0
1970;bol;zaf;0.0;556000.0
1970;bol;zmb;3000.0;0.0
1970;bra;ago;490000.0;0.0
1970;bra;are;3000.0;2354000.0
1970;bra;arg;185910000.0;170733000.0
1970;bra;aus;9013000.0;4767000.0
1970;bra;aut;39889000.0;6323000.0
1970;bra;bel;78037000.0;44398000.0
1970;bra;ben;506000.0;0.0
1970;bra;bgr;3417000.0;53000.0
1970;bra;bhr;312000.0;2101000.0
1970;bra;bhs;2002000.0;536000.0
1970;bra;blz;2000.0;4000.0
1970;bra;bmu;60000.0;29000.0
1970;bra;bol;3601000.0;152000.0
1970;bra;brb;186000.0;0.0
1970;bra;can;47218000.0;69429000.0
1970;bra;che;34302000.0;58541000.0
1970;bra;chl;24789000.0;35685000.0
1970;bra;chn;1327000.0;47000.0
1970;bra;civ;205000.0;9000.0
1970;bra;cmr;105000.0;0.0
1970;bra;cod;164000.0;2856000.0
1970;bra;cog;19000.0;0.0
1970;bra;col;5432000.0;2440000.0
1970;bra;cri;544000.0;5000.0
1970;bra;csk;17189000.0;10080000.0
1970;bra;cyp;692000.0;0.0
1970;bra;ddr;33064000.0;24742000.0
1970;bra;deu;341103000.0;384080000.0
1970;bra;dnk;66354000.0;23653000.0
1970;bra;dom;680000.0;3000.0
1970;bra;dza;25320000.0;26348000.0
1970;bra;ecu;665000.0;1460000.0
1970;bra;egy;333000.0;10629000.0
1970;bra;esp;125873000.0;32243000.0
1970;bra;eth;394000.0;7000.0
1970;bra;fdr;308039000.0;359338000.0
1970;bra;fin;31911000.0;14182000.0
1970;bra;fio;1233000.0;0.0
1970;bra;fra;164349000.0;88571000.0
1970;bra;gab;5000.0;0.0
1970;bra;gbr;145166000.0;158331000.0
1970;bra;gha;2448000.0;0.0
1970;bra;gib;4000.0;0.0
1970;bra;glp;66000.0;0.0
1970;bra;gmb;170000.0;29000.0
1970;bra;gnb;4000.0;0.0
1970;bra;grc;12321000.0;470000.0
1970;bra;gtm;395000.0;45000.0
1970;bra;guf;275000.0;21000.0
1970;bra;guy;357000.0;364000.0
1970;bra;hkg;30326000.0;3205000.0
1970;bra;hnd;298000.0;14000.0
1970;bra;hti;59000.0;0.0
1970;bra;hun;18093000.0;5289000.0
1970;bra;idn;320000.0;0.0
1970;bra;ind;5214000.0;413000.0
1970;bra;irl;4423000.0;462000.0
1970;bra;irn;284000.0;11790000.0
1970;bra;irq;72000.0;48135000.0
1970;bra;isl;1974000.0;1765000.0
1970;bra;isr;4598000.0;3429000.0
1970;bra;ita;205330000.0;87828000.0
1970;bra;jam;1288000.0;4000.0
1970;bra;jor;1229000.0;0.0
1970;bra;jpn;217873000.0;177839000.0
1970;bra;ken;31000.0;4000.0
1970;bra;khm;622000.0;0.0
1970;bra;kna;156000.0;0.0
1970;bra;kor;447000.0;86000.0
1970;bra;kwt;578000.0;20708000.0
1970;bra;lao;11000.0;0.0
1970;bra;lbn;4389000.0;42000.0
1970;bra;lbr;230000.0;0.0
1970;bra;lby;195000.0;9942000.0
1970;bra;lka;116000.0;0.0
1970;bra;mac;0.0;12000.0
1970;bra;mar;4100000.0;978000.0
1970;bra;mdg;83000.0;10000.0
1970;bra;mex;15793000.0;17172000.0
1970;bra;mlt;1082000.0;0.0
1970;bra;mmr;70000.0;0.0
1970;bra;moz;965000.0;29000.0
1970;bra;mrt;17000.0;0.0
1970;bra;mus;10000.0;0.0
1970;bra;mwi;518000.0;4000.0
1970;bra;mys;1372000.0;4986000.0
1970;bra;naa;2785000.0;10105000.0
1970;bra;ncl;12000.0;0.0
1970;bra;nga;1034000.0;28880000.0
1970;bra;nic;729000.0;151000.0
1970;bra;nld;100001000.0;49794000.0
1970;bra;nor;39833000.0;22325000.0
1970;bra;nzl;2047000.0;29000.0
1970;bra;pak;27000.0;2962000.0
1970;bra;pan;220000.0;12032000.0
1970;bra;per;5084000.0;10158000.0
1970;bra;phl;743000.0;415000.0
1970;bra;pol;23840000.0;11096000.0
1970;bra;prt;15897000.0;11949000.0
1970;bra;pry;2197000.0;1438000.0
1970;bra;qat;1000.0;1073000.0
1970;bra;rou;6651000.0;3873000.0
1970;bra;sau;19000.0;57556000.0
1970;bra;sdn;283000.0;3000.0
1970;bra;sen;1320000.0;14000.0
1970;bra;sgp;4138000.0;1479000.0
1970;bra;sle;4000.0;0.0
1970;bra;slv;93000.0;1000.0
1970;bra;sun;21237000.0;3492000.0
1970;bra;sur;688000.0;92000.0
1970;bra;swe;81510000.0;53277000.0
1970;bra;syc;0.0;15000.0
1970;bra;syr;617000.0;2000.0
1970;bra;tcd;8000.0;0.0
1970;bra;tgo;1000.0;0.0
1970;bra;tha;9367000.0;104000.0
1970;bra;tto;3838000.0;8859000.0
1970;bra;tun;4387000.0;903000.0
1970;bra;tur;2561000.0;165000.0
1970;bra;twn;26947000.0;4446000.0
1970;bra;tza;9000.0;2000.0
1970;bra;uga;2000.0;0.0
1970;bra;ury;31070000.0;11500000.0
1970;bra;usa;669814000.0;918087000.0
1970;bra;ven;8345000.0;59009000.0
1970;bra;vnm;103000.0;0.0
1970;bra;wld;3005277000.0;2844585000.0
1970;bra;xxe;3000.0;0.0
1970;bra;xxh;4096000.0;0.0
1970;bra;yug;19787000.0;607000.0
1970;bra;zaf;16427000.0;2292000.0
1970;bra;zmb;496000.0;11276000.0
1970;brb;arg;0.0;1290000.0
1970;brb;aus;34000.0;1540000.0
1970;brb;aut;1000.0;104000.0
1970;brb;bel;192000.0;388000.0
1970;brb;ben;391000.0;2000.0
1970;brb;bhs;67000.0;27000.0
1970;brb;bmu;161000.0;19000.0
1970;brb;bra;0.0;186000.0
1970;brb;can;1488000.0;12313000.0
1970;brb;che;2000.0;521000.0
1970;brb;chl;0.0;3000.0
1970;brb;chn;0.0;51000.0
1970;brb;civ;428000.0;22000.0
1970;brb;cmr;53000.0;47000.0
1970;brb;cod;201000.0;0.0
1970;brb;cog;2000.0;0.0
1970;brb;col;0.0;147000.0
1970;brb;cri;0.0;1000.0
1970;brb;csk;0.0;106000.0
1970;brb;cub;0.0;4000.0
1970;brb;cyp;0.0;19000.0
1970;brb;ddr;0.0;50000.0
1970;brb;deu;3224000.0;2941000.0
1970;brb;dnk;9000.0;1257000.0
1970;brb;dom;0.0;14000.0
1970;brb;egy;0.0;38000.0
1970;brb;esp;0.0;317000.0
1970;brb;eth;0.0;5000.0
1970;brb;fdr;3224000.0;2891000.0
1970;brb;fin;0.0;69000.0
1970;brb;fio;201000.0;0.0
1970;brb;fra;4826000.0;1615000.0
1970;brb;gab;0.0;31000.0
1970;brb;gbr;16400000.0;35508000.0
1970;brb;glp;216000.0;19000.0
1970;brb;gmb;2000.0;0.0
1970;brb;grc;0.0;12000.0
1970;brb;guf;22000.0;0.0
1970;brb;guy;459000.0;2155000.0
1970;brb;hkg;5000.0;887000.0
1970;brb;hnd;0.0;1095000.0
1970;brb;hti;0.0;23000.0
1970;brb;hun;0.0;75000.0
1970;brb;idn;0.0;21000.0
1970;brb;ind;0.0;351000.0
1970;brb;irl;1045000.0;459000.0
1970;brb;irq;0.0;1000.0
1970;brb;isl;0.0;1000.0
1970;brb;isr;0.0;76000.0
1970;brb;ita;3000.0;1647000.0
1970;brb;jam;245000.0;2000000.0
1970;brb;jpn;6000.0;3752000.0
1970;brb;ken;1000.0;72000.0
1970;brb;kor;0.0;126000.0
1970;brb;lka;0.0;71000.0
1970;brb;mac;0.0;2000.0
1970;brb;mar;0.0;4000.0
1970;brb;mex;1000.0;66000.0
1970;brb;mli;9000.0;0.0
1970;brb;mlt;1000.0;8000.0
1970;brb;mwi;0.0;23000.0
1970;brb;mys;1000.0;161000.0
1970;brb;naa;52000.0;1427000.0
1970;brb;ner;1000.0;0.0
1970;brb;nga;0.0;4000.0
1970;brb;nld;56000.0;3228000.0
1970;brb;nor;0.0;664000.0
1970;brb;nzl;11000.0;2402000.0
1970;brb;pak;0.0;1000.0
1970;brb;pan;1000.0;25000.0
1970;brb;per;0.0;17000.0
1970;brb;phl;0.0;11000.0
1970;brb;pol;0.0;49000.0
1970;brb;prt;14000.0;221000.0
1970;brb;pry;0.0;125000.0
1970;brb;rou;0.0;21000.0
1970;brb;sen;8000.0;6000.0
1970;brb;slv;0.0;4000.0
1970;brb;sun;0.0;43000.0
1970;brb;sur;50000.0;319000.0
1970;brb;swe;2000.0;335000.0
1970;brb;tcd;249000.0;0.0
1970;brb;tha;0.0;12000.0
1970;brb;tto;1325000.0;8455000.0
1970;brb;tur;0.0;6000.0
1970;brb;twn;3733000.0;734000.0
1970;brb;tza;0.0;3000.0
1970;brb;ury;0.0;1000.0
1970;brb;usa;8856000.0;24763000.0
1970;brb;ven;31000.0;2701000.0
1970;brb;wld;44614000.0;117277000.0
1970;brb;xxh;529000.0;0.0
1970;brb;yug;0.0;8000.0
1970;caf;aut;13000.0;5000.0
1970;caf;bel;3663000.0;1045000.0
1970;caf;ben;123000.0;100000.0
1970;caf;bfa;1000.0;0.0
1970;caf;bmu;0.0;1000.0
1970;caf;bol;20000.0;0.0
1970;caf;can;0.0;141000.0
1970;caf;che;195000.0;308000.0
1970;caf;chn;0.0;1000.0
1970;caf;civ;1000.0;105000.0
1970;caf;cmr;943000.0;3432000.0
1970;caf;cod;179000.0;332000.0
1970;caf;csk;0.0;27000.0
1970;caf;cub;0.0;1000.0
1970;caf;ddr;0.0;39000.0
1970;caf;deu;2402000.0;2588000.0
1970;caf;dnk;72000.0;152000.0
1970;caf;dza;0.0;44000.0
1970;caf;egy;0.0;13000.0
1970;caf;esp;6491000.0;584000.0
1970;caf;fdr;2402000.0;2549000.0
1970;caf;fin;6000.0;3000.0
1970;caf;fra;20492000.0;18430000.0
1970;caf;gbr;524000.0;906000.0
1970;caf;glp;10000.0;0.0
1970;caf;gnb;0.0;137000.0
1970;caf;grc;3000.0;1000.0
1970;caf;hkg;924000.0;233000.0
1970;caf;hun;0.0;15000.0
1970;caf;ind;8000.0;24000.0
1970;caf;irl;2000.0;7000.0
1970;caf;irn;0.0;17000.0
1970;caf;isr;5771000.0;7000.0
1970;caf;ita;1349000.0;823000.0
1970;caf;jpn;1774000.0;682000.0
1970;caf;kor;47000.0;139000.0
1970;caf;lao;78000.0;0.0
1970;caf;lbr;0.0;2000.0
1970;caf;lby;10000.0;0.0
1970;caf;mar;241000.0;136000.0
1970;caf;mli;0.0;2000.0
1970;caf;moz;4000.0;0.0
1970;caf;mys;0.0;8000.0
1970;caf;naa;0.0;45000.0
1970;caf;ner;20000.0;1000.0
1970;caf;nga;0.0;181000.0
1970;caf;nld;1000.0;969000.0
1970;caf;nor;5000.0;54000.0
1970;caf;nzl;19000.0;0.0
1970;caf;pak;0.0;55000.0
1970;caf;pol;10000.0;3000.0
1970;caf;prt;0.0;224000.0
1970;caf;rou;0.0;1000.0
1970;caf;sau;0.0;3000.0
1970;caf;sdn;3000.0;485000.0
1970;caf;sen;0.0;65000.0
1970;caf;sun;48000.0;2000.0
1970;caf;swe;21000.0;58000.0
1970;caf;tcd;1107000.0;252000.0
1970;caf;tgo;4000.0;16000.0
1970;caf;tha;1000.0;1000.0
1970;caf;tto;0.0;2000.0
1970;caf;tun;0.0;50000.0
1970;caf;twn;568000.0;244000.0
1970;caf;usa;6354000.0;1825000.0
1970;caf;wld;54102000.0;35132000.0
1970;caf;xxh;40000.0;74000.0
1970;caf;yug;384000.0;31000.0
1970;caf;zaf;171000.0;40000.0
1970;can;afg;1212000.0;105000.0
1970;can;ago;627000.0;9226000.0
1970;can;alb;3990000.0;3000.0
1970;can;are;304000.0;6859000.0
1970;can;arg;44923000.0;8601000.0
1970;can;aus;176319000.0;139946000.0
1970;can;aut;15950000.0;43682000.0
1970;can;bel;151521000.0;49321000.0
1970;can;ben;96000.0;0.0
1970;can;bfa;14000.0;0.0
1970;can;bgr;3272000.0;1051000.0
1970;can;bhr;80000.0;8000.0
1970;can;bhs;16274000.0;6182000.0
1970;can;blz;1646000.0;2901000.0
1970;can;bmu;10836000.0;179000.0
1970;can;bol;2074000.0;127000.0
1970;can;bra;69429000.0;47218000.0
1970;can;brb;12313000.0;1488000.0
1970;can;caf;141000.0;0.0
1970;can;che;45308000.0;77405000.0
1970;can;chl;10957000.0;2640000.0
1970;can;chn;136079000.0;18222000.0
1970;can;civ;1035000.0;1235000.0
1970;can;cmr;1071000.0;708000.0
1970;can;cod;1584000.0;1557000.0
1970;can;cog;146000.0;0.0
1970;can;col;25821000.0;25461000.0
1970;can;cri;4696000.0;11591000.0
1970;can;csk;6685000.0;26325000.0
1970;can;cub;56849000.0;9109000.0
1970;can;cyp;869000.0;241000.0
1970;can;ddr;394000.0;3453000.0
1970;can;deu;484675000.0;358665000.0
1970;can;dnk;22900000.0;29328000.0
1970;can;dom;19781000.0;1832000.0
1970;can;dza;18350000.0;187000.0
1970;can;ecu;3125000.0;10057000.0
1970;can;egy;3341000.0;402000.0
1970;can;esp;73129000.0;33541000.0
1970;can;eth;341000.0;43000.0
1970;can;fdr;484281000.0;355212000.0
1970;can;fin;11982000.0;24690000.0
1970;can;fio;4000.0;94000.0
1970;can;fji;1191000.0;6606000.0
1970;can;flk;19000.0;0.0
1970;can;fra;204957000.0;151645000.0
1970;can;gab;563000.0;1283000.0
1970;can;gbr;1592647000.0;706968000.0
1970;can;gha;4541000.0;6698000.0
1970;can;gib;20000.0;2000.0
1970;can;gin;75000.0;191000.0
1970;can;glp;392000.0;6000.0
1970;can;gmb;182000.0;433000.0
1970;can;gnb;305000.0;0.0
1970;can;grc;17779000.0;4784000.0
1970;can;gtm;3514000.0;5713000.0
1970;can;guf;24000.0;0.0
1970;can;guy;12116000.0;27551000.0
1970;can;hkg;20308000.0;75158000.0
1970;can;hnd;2547000.0;12572000.0
1970;can;hti;4723000.0;725000.0
1970;can;hun;6706000.0;8801000.0
1970;can;idn;16047000.0;604000.0
1970;can;ind;147441000.0;38128000.0
1970;can;irl;25185000.0;12596000.0
1970;can;irn;7420000.0;32443000.0
1970;can;irq;4034000.0;13798000.0
1970;can;isl;323000.0;63000.0
1970;can;isr;19672000.0;13851000.0
1970;can;ita;214447000.0;138823000.0
1970;can;jam;45551000.0;25913000.0
1970;can;jor;705000.0;1000.0
1970;can;jpn;928661000.0;557055000.0
1970;can;ken;2238000.0;5430000.0
1970;can;khm;5000.0;0.0
1970;can;kna;13560000.0;3118000.0
1970;can;kor;23163000.0;13953000.0
1970;can;kwt;1950000.0;6741000.0
1970;can;lao;28000.0;1517000.0
1970;can;lbn;4958000.0;870000.0
1970;can;lbr;1088000.0;630000.0
1970;can;lby;532000.0;10000.0
1970;can;lka;11552000.0;8418000.0
1970;can;mar;5815000.0;328000.0
1970;can;mdg;41000.0;385000.0
1970;can;mex;49426000.0;45335000.0
1970;can;mli;20000.0;3000.0
1970;can;mlt;1810000.0;775000.0
1970;can;mmr;3349000.0;1000.0
1970;can;moz;2219000.0;1200000.0
1970;can;mrt;337000.0;0.0
1970;can;mus;314000.0;14202000.0
1970;can;mwi;619000.0;415000.0
1970;can;mys;15747000.0;32733000.0
1970;can;naa;3446000.0;51882000.0
1970;can;ncl;795000.0;2438000.0
1970;can;ner;955000.0;2000.0
1970;can;nga;7763000.0;42667000.0
1970;can;nic;1870000.0;1091000.0
1970;can;nld;182516000.0;75575000.0
1970;can;nor;175166000.0;47047000.0
1970;can;nzl;50646000.0;41234000.0
1970;can;pak;43576000.0;9537000.0
1970;can;pan;5130000.0;7334000.0
1970;can;per;27960000.0;4119000.0
1970;can;phl;21008000.0;4145000.0
1970;can;pol;14550000.0;11515000.0
1970;can;prt;12143000.0;13377000.0
1970;can;pry;232000.0;627000.0
1970;can;qat;78000.0;0.0
1970;can;rou;3365000.0;4868000.0
1970;can;sau;6943000.0;23056000.0
1970;can;sdn;2286000.0;149000.0
1970;can;sen;288000.0;1000.0
1970;can;sgp;13406000.0;19350000.0
1970;can;sle;873000.0;1000.0
1970;can;slv;3521000.0;3872000.0
1970;can;som;13000.0;0.0
1970;can;spm;5795000.0;47000.0
1970;can;sun;97714000.0;8689000.0
1970;can;sur;1600000.0;5192000.0
1970;can;swe;59004000.0;101400000.0
1970;can;syc;363000.0;3469000.0
1970;can;syr;17872000.0;10000.0
1970;can;tcd;32000.0;0.0
1970;can;tgo;330000.0;0.0
1970;can;tha;9629000.0;1014000.0
1970;can;tto;23787000.0;7200000.0
1970;can;tun;6679000.0;5000.0
1970;can;tur;15113000.0;1406000.0
1970;can;twn;17114000.0;49734000.0
1970;can;tza;809000.0;3862000.0
1970;can;uga;1372000.0;7501000.0
1970;can;ury;4199000.0;234000.0
1970;can;usa;11093596000.0;9491910000.0
1970;can;ven;65165000.0;324831000.0
1970;can;vnm;1639000.0;12000.0
1970;can;wld;16984667000.0;13349932000.0
1970;can;wsm;175000.0;0.0
1970;can;xxb;30000.0;0.0
1970;can;xxe;1251000.0;78000.0
1970;can;ymd;5000.0;27000.0
1970;can;yug;17492000.0;6941000.0
1970;can;zaf;101092000.0;43764000.0
1970;can;zmb;3651000.0;13000.0
1970;can;zwe;15000.0;1000.0
1970;che;afg;1561000.0;1676000.0
1970;che;ago;4207000.0;5595000.0
1970;che;alb;1520000.0;110000.0
1970;che;arg;33206000.0;27683000.0
1970;che;aus;72761000.0;9412000.0
1970;che;aut;262312000.0;290533000.0
1970;che;bdi;154000.0;0.0
1970;che;bel;127039000.0;229263000.0
1970;che;ben;290000.0;425000.0
1970;che;bfa;63000.0;463000.0
1970;che;bgr;12384000.0;4093000.0
1970;che;bhr;1348000.0;15760000.0
1970;che;bhs;3415000.0;349000.0
1970;che;blz;215000.0;337000.0
1970;che;bol;2283000.0;126000.0
1970;che;bra;58541000.0;34302000.0
1970;che;brb;521000.0;2000.0
1970;che;caf;308000.0;195000.0
1970;che;can;77405000.0;45308000.0
1970;che;chl;16740000.0;5403000.0
1970;che;chn;20767000.0;18136000.0
1970;che;civ;1753000.0;3523000.0
1970;che;cmr;678000.0;1308000.0
1970;che;cod;7839000.0;1008000.0
1970;che;cog;279000.0;1484000.0
1970;che;col;15577000.0;7742000.0
1970;che;cri;3602000.0;8080000.0
1970;che;csk;43311000.0;33023000.0
1970;che;cub;12207000.0;1670000.0
1970;che;cyp;1910000.0;486000.0
1970;che;ddr;25727000.0;13588000.0
1970;che;deu;860595000.0;1950769000.0
1970;che;dji;284000.0;0.0
1970;che;dnk;102486000.0;82391000.0
1970;che;dom;2983000.0;1031000.0
1970;che;dza;14251000.0;16726000.0
1970;che;ecu;3546000.0;4874000.0
1970;che;egy;16871000.0;5070000.0
1970;che;esp;107110000.0;56603000.0
1970;che;eth;2418000.0;1002000.0
1970;che;fdr;834868000.0;1937181000.0
1970;che;fin;60213000.0;42591000.0
1970;che;fio;321000.0;467000.0
1970;che;fji;874000.0;145000.0
1970;che;fra;442858000.0;780490000.0
1970;che;gab;172000.0;1044000.0
1970;che;gbr;464426000.0;502932000.0
1970;che;gha;5122000.0;9136000.0
1970;che;gib;930000.0;2000.0
1970;che;gin;1357000.0;4078000.0
1970;che;glp;771000.0;92000.0
1970;che;gmb;14000.0;2585000.0
1970;che;gnq;33000.0;33000.0
1970;che;grc;29445000.0;12445000.0
1970;che;gtm;4393000.0;8655000.0
1970;che;guf;73000.0;6000.0
1970;che;guy;249000.0;2000.0
1970;che;hkg;84577000.0;29011000.0
1970;che;hnd;1434000.0;2154000.0
1970;che;hti;781000.0;1815000.0
1970;che;hun;24222000.0;32160000.0
1970;che;idn;7914000.0;10700000.0
1970;che;ind;15644000.0;13369000.0
1970;che;irl;11102000.0;9109000.0
1970;che;irn;31156000.0;10227000.0
1970;che;irq;5910000.0;5000.0
1970;che;isl;2278000.0;3870000.0
1970;che;isr;50191000.0;18686000.0
1970;che;ita;335903000.0;609272000.0
1970;che;jam;2697000.0;115000.0
1970;che;jor;1268000.0;0.0
1970;che;jpn;176922000.0;142871000.0
1970;che;ken;3056000.0;3444000.0
1970;che;khm;267000.0;362000.0
1970;che;kir;34000.0;118000.0
1970;che;kor;4684000.0;3020000.0
1970;che;kwt;9906000.0;11263000.0
1970;che;lao;200000.0;128000.0
1970;che;lbn;10777000.0;1955000.0
1970;che;lbr;1517000.0;216000.0
1970;che;lby;5449000.0;56798000.0
1970;che;lka;1648000.0;2128000.0
1970;che;mac;18000.0;277000.0
1970;che;mar;5366000.0;3457000.0
1970;che;mdg;494000.0;631000.0
1970;che;mex;73966000.0;9905000.0
1970;che;mli;92000.0;201000.0
1970;che;mlt;1019000.0;147000.0
1970;che;mmr;744000.0;841000.0
1970;che;mng;20000.0;257000.0
1970;che;moz;2874000.0;2197000.0
1970;che;mrt;79000.0;428000.0
1970;che;mus;547000.0;237000.0
1970;che;mwi;432000.0;212000.0
1970;che;mys;4702000.0;5648000.0
1970;che;naa;3860000.0;38000.0
1970;che;ncl;574000.0;25000.0
1970;che;ner;187000.0;363000.0
1970;che;nga;12306000.0;17362000.0
1970;che;nic;754000.0;1273000.0
1970;che;nld;153524000.0;223943000.0
1970;che;nor;71879000.0;31808000.0
1970;che;npl;223000.0;77000.0
1970;che;nzl;11335000.0;3563000.0
1970;che;pak;15128000.0;4280000.0
1970;che;pan;2101000.0;5516000.0
1970;che;per;11546000.0;15231000.0
1970;che;phl;10175000.0;2365000.0
1970;che;pol;28028000.0;15723000.0
1970;che;prk;178000.0;539000.0
1970;che;prt;55051000.0;23942000.0
1970;che;pry;554000.0;941000.0
1970;che;rou;26305000.0;8754000.0
1970;che;rwa;137000.0;1000.0
1970;che;sau;12386000.0;8000.0
1970;che;sdn;3422000.0;2654000.0
1970;che;sen;1621000.0;125000.0
1970;che;sgp;23480000.0;1083000.0
1970;che;shn;49000.0;18000.0
1970;che;sle;642000.0;177000.0
1970;che;slv;2364000.0;3782000.0
1970;che;som;87000.0;486000.0
1970;che;sun;49879000.0;26727000.0
1970;che;sur;505000.0;1911000.0
1970;che;swe;174560000.0;202166000.0
1970;che;syr;7030000.0;440000.0
1970;che;tcd;195000.0;108000.0
1970;che;tgo;385000.0;324000.0
1970;che;tha;19565000.0;3675000.0
1970;che;tto;1105000.0;457000.0
1970;che;tun;2147000.0;4691000.0
1970;che;tur;44546000.0;16805000.0
1970;che;twn;15139000.0;7583000.0
1970;che;tza;2574000.0;3141000.0
1970;che;uga;1070000.0;2246000.0
1970;che;ury;3809000.0;3746000.0
1970;che;usa;463172000.0;551076000.0
1970;che;ven;30404000.0;1117000.0
1970;che;vnm;3104000.0;102000.0
1970;che;wld;5264634000.0;6470864000.0
1970;che;wsm;1000.0;93000.0
1970;che;xxb;67000.0;0.0
1970;che;xxe;2393000.0;11000.0
1970;che;yar;164000.0;160000.0
1970;che;ymd;1212000.0;379000.0
1970;che;yug;129166000.0;26754000.0
1970;che;zaf;72934000.0;14764000.0
1970;che;zmb;3763000.0;16117000.0
1970;che;zwe;1968000.0;4296000.0
1970;chl;arg;75375000.0;93318000.0
1970;chl;aus;2785000.0;2022000.0
1970;chl;aut;5116000.0;3255000.0
1970;chl;bel;42921000.0;8036000.0
1970;chl;ben;2000.0;0.0
1970;chl;bfa;2000.0;0.0
1970;chl;bgr;0.0;234000.0
1970;chl;bhs;0.0;31000.0
1970;chl;bol;2232000.0;1206000.0
1970;chl;bra;35685000.0;24789000.0
1970;chl;brb;3000.0;0.0
1970;chl;can;2640000.0;10957000.0
1970;chl;che;5403000.0;16740000.0
1970;chl;chn;0.0;286000.0
1970;chl;civ;4000.0;6000.0
1970;chl;cmr;2000.0;0.0
1970;chl;cod;118000.0;0.0
1970;chl;col;10258000.0;16307000.0
1970;chl;cri;28000.0;0.0
1970;chl;csk;180000.0;1483000.0
1970;chl;cub;3111000.0;3000.0
1970;chl;ddr;0.0;41000.0
1970;chl;deu;252435000.0;115504000.0
1970;chl;dnk;1565000.0;5019000.0
1970;chl;dom;209000.0;11000.0
1970;chl;ecu;3604000.0;9028000.0
1970;chl;egy;0.0;2085000.0
1970;chl;esp;30960000.0;21336000.0
1970;chl;fdr;252435000.0;115463000.0
1970;chl;fin;2849000.0;2473000.0
1970;chl;fra;80745000.0;31576000.0
1970;chl;gbr;155029000.0;58012000.0
1970;chl;glp;14000.0;0.0
1970;chl;grc;288000.0;7000.0
1970;chl;gtm;28000.0;5000.0
1970;chl;guf;0.0;1000.0
1970;chl;guy;3000.0;83000.0
1970;chl;hkg;12000.0;787000.0
1970;chl;hnd;13000.0;1000.0
1970;chl;hti;15000.0;0.0
1970;chl;hun;0.0;59000.0
1970;chl;idn;0.0;49000.0
1970;chl;ind;129000.0;78000.0
1970;chl;irl;471000.0;656000.0
1970;chl;irn;3000.0;506000.0
1970;chl;irq;47000.0;0.0
1970;chl;isl;1000.0;1000.0
1970;chl;isr;256000.0;53000.0
1970;chl;ita;96172000.0;24755000.0
1970;chl;jam;0.0;5000.0
1970;chl;jor;1000.0;0.0
1970;chl;jpn;212411000.0;27700000.0
1970;chl;ken;1000.0;0.0
1970;chl;kor;548000.0;30000.0
1970;chl;kwt;0.0;3969000.0
1970;chl;lbn;162000.0;0.0
1970;chl;lbr;0.0;39000.0
1970;chl;lka;0.0;435000.0
1970;chl;mar;25000.0;297000.0
1970;chl;mdg;0.0;1000.0
1970;chl;mex;10831000.0;18669000.0
1970;chl;mlt;1000.0;46000.0
1970;chl;moz;135000.0;0.0
1970;chl;mrt;5000.0;0.0
1970;chl;mys;1000.0;1002000.0
1970;chl;naa;49000.0;8575000.0
1970;chl;nga;0.0;3000.0
1970;chl;nic;29000.0;6000.0
1970;chl;nld;23837000.0;13028000.0
1970;chl;nor;1848000.0;12390000.0
1970;chl;npl;1000.0;0.0
1970;chl;nzl;97000.0;753000.0
1970;chl;pak;1000.0;626000.0
1970;chl;pan;431000.0;3284000.0
1970;chl;per;11159000.0;7092000.0
1970;chl;phl;218000.0;20000.0
1970;chl;pol;0.0;2148000.0
1970;chl;prk;0.0;13000.0
1970;chl;prt;16000.0;455000.0
1970;chl;pry;319000.0;1728000.0
1970;chl;rou;1452000.0;7000.0
1970;chl;sau;0.0;7908000.0
1970;chl;sen;48000.0;0.0
1970;chl;sgp;197000.0;41000.0
1970;chl;slv;16000.0;6000.0
1970;chl;sun;192000.0;386000.0
1970;chl;swe;49228000.0;10689000.0
1970;chl;syr;24000.0;0.0
1970;chl;tha;13000.0;0.0
1970;chl;tto;12000.0;30000.0
1970;chl;tun;0.0;107000.0
1970;chl;tur;0.0;4000.0
1970;chl;twn;184000.0;545000.0
1970;chl;ury;1495000.0;4620000.0
1970;chl;usa;157039000.0;344243000.0
1970;chl;ven;6746000.0;11682000.0
1970;chl;wld;1291575000.0;934435000.0
1970;chl;xxh;0.0;4000.0
1970;chl;yug;1503000.0;195000.0
1970;chl;zaf;587000.0;896000.0
1970;chn;arg;909000.0;2518000.0
1970;chn;aus;35521000.0;129010000.0
1970;chn;aut;12332000.0;4818000.0
1970;chn;bel;10591000.0;22859000.0
1970;chn;ben;546000.0;32000.0
1970;chn;bfa;185000.0;386000.0
1970;chn;bhr;8587000.0;7000.0
1970;chn;bol;1157000.0;0.0
1970;chn;bra;47000.0;1327000.0
1970;chn;brb;51000.0;0.0
1970;chn;caf;1000.0;0.0
1970;chn;can;18222000.0;136079000.0
1970;chn;che;18136000.0;20767000.0
1970;chn;chl;286000.0;0.0
1970;chn;civ;987000.0;0.0
1970;chn;cmr;1599000.0;134000.0
1970;chn;cod;23000.0;0.0
1970;chn;cog;1125000.0;4000.0
1970;chn;col;77000.0;12000.0
1970;chn;cri;74000.0;0.0
1970;chn;deu;76931000.0;162693000.0
1970;chn;dnk;10550000.0;3779000.0
1970;chn;ecu;364000.0;0.0
1970;chn;egy;15317000.0;17750000.0
1970;chn;esp;900000.0;522000.0
1970;chn;eth;2586000.0;722000.0
1970;chn;fdr;76931000.0;162693000.0
1970;chn;fin;5935000.0;12845000.0
1970;chn;fio;566000.0;0.0
1970;chn;fji;573000.0;0.0
1970;chn;fra;69857000.0;80703000.0
1970;chn;gab;372000.0;0.0
1970;chn;gbr;71372000.0;101459000.0
1970;chn;gha;6668000.0;2393000.0
1970;chn;glp;9000.0;0.0
1970;chn;gmb;1412000.0;0.0
1970;chn;grc;140000.0;0.0
1970;chn;gtm;28000.0;0.0
1970;chn;guf;13000.0;0.0
1970;chn;guy;105000.0;0.0
1970;chn;hkg;467006000.0;4977000.0
1970;chn;hnd;81000.0;0.0
1970;chn;idn;0.0;38000.0
1970;chn;irl;2041000.0;21000.0
1970;chn;irn;1817000.0;4273000.0
1970;chn;isl;140000.0;0.0
1970;chn;isr;19000.0;16000.0
1970;chn;ita;63095000.0;56972000.0
1970;chn;jor;4194000.0;564000.0
1970;chn;jpn;253836000.0;568917000.0
1970;chn;ken;3577000.0;1733000.0
1970;chn;khm;1779000.0;2866000.0
1970;chn;kor;40000.0;0.0
1970;chn;kwt;20349000.0;2103000.0
1970;chn;lao;252000.0;1000.0
1970;chn;lbn;9172000.0;2000.0
1970;chn;lbr;1713000.0;3000.0
1970;chn;lby;10585000.0;0.0
1970;chn;lka;50848000.0;42256000.0
1970;chn;mar;11002000.0;7230000.0
1970;chn;mex;2000.0;0.0
1970;chn;mli;3241000.0;26000.0
1970;chn;mlt;1079000.0;106000.0
1970;chn;mmr;5156000.0;187000.0
1970;chn;mrt;1394000.0;0.0
1970;chn;mus;1860000.0;0.0
1970;chn;mys;74636000.0;21782000.0
1970;chn;naa;41000.0;0.0
1970;chn;ner;1720000.0;0.0
1970;chn;nga;19696000.0;1167000.0
1970;chn;nld;26597000.0;20873000.0
1970;chn;nor;6328000.0;8846000.0
1970;chn;nzl;5528000.0;4377000.0
1970;chn;pak;27725000.0;21002000.0
1970;chn;pan;49000.0;0.0
1970;chn;per;143000.0;2000.0
1970;chn;prt;283000.0;24000.0
1970;chn;pry;309000.0;0.0
1970;chn;sdn;11567000.0;17231000.0
1970;chn;sen;4490000.0;0.0
1970;chn;sgp;125930000.0;22671000.0
1970;chn;slv;25000.0;0.0
1970;chn;som;774000.0;311000.0
1970;chn;swe;18664000.0;22141000.0
1970;chn;tcd;534000.0;0.0
1970;chn;tgo;1571000.0;0.0
1970;chn;tha;2000.0;0.0
1970;chn;tto;1100000.0;0.0
1970;chn;tun;151000.0;0.0
1970;chn;tur;98000.0;882000.0
1970;chn;tza;36982000.0;8217000.0
1970;chn;uga;2254000.0;1527000.0
1970;chn;usa;1000.0;0.0
1970;chn;ven;1985000.0;0.0
1970;chn;wld;1665760000.0;1596393000.0
1970;chn;wsm;83000.0;0.0
1970;chn;xxb;2797000.0;0.0
1970;chn;yug;2237000.0;4577000.0
1970;chn;zmb;3028000.0;47653000.0
1970;civ;ago;15000.0;316000.0
1970;civ;arg;490000.0;275000.0
1970;civ;aus;190000.0;45000.0
1970;civ;aut;2047000.0;444000.0
1970;civ;bel;12207000.0;10058000.0
1970;civ;ben;1481000.0;302000.0
1970;civ;bfa;5021000.0;217000.0
1970;civ;bgr;275000.0;365000.0
1970;civ;bhr;2000.0;0.0
1970;civ;bmu;23000.0;0.0
1970;civ;bra;9000.0;205000.0
1970;civ;brb;22000.0;428000.0
1970;civ;caf;105000.0;1000.0
1970;civ;can;1235000.0;1035000.0
1970;civ;che;3523000.0;1753000.0
1970;civ;chl;6000.0;4000.0
1970;civ;chn;0.0;987000.0
1970;civ;cmr;881000.0;1043000.0
1970;civ;cod;201000.0;79000.0
1970;civ;cog;230000.0;1850000.0
1970;civ;col;13000.0;3000.0
1970;civ;cri;0.0;1000.0
1970;civ;csk;196000.0;792000.0
1970;civ;cub;0.0;3000.0
1970;civ;cyp;96000.0;0.0
1970;civ;ddr;138000.0;450000.0
1970;civ;deu;84844000.0;33842000.0
1970;civ;dji;2000.0;0.0
1970;civ;dnk;3258000.0;1075000.0
1970;civ;dza;2382000.0;13428000.0
1970;civ;egy;3000.0;1577000.0
1970;civ;esp;15775000.0;1002000.0
1970;civ;eth;1000.0;5000.0
1970;civ;fdr;84706000.0;33392000.0
1970;civ;fin;368000.0;577000.0
1970;civ;fio;71000.0;0.0
1970;civ;fra;191261000.0;178823000.0
1970;civ;gab;336000.0;3511000.0
1970;civ;gbr;21628000.0;9657000.0
1970;civ;gha;691000.0;343000.0
1970;civ;gib;44000.0;0.0
1970;civ;glp;354000.0;0.0
1970;civ;gmb;102000.0;0.0
1970;civ;gnb;13000.0;0.0
1970;civ;grc;2865000.0;37000.0
1970;civ;guf;43000.0;0.0
1970;civ;hkg;10000.0;2268000.0
1970;civ;hnd;6000.0;0.0
1970;civ;hti;6000.0;0.0
1970;civ;hun;689000.0;654000.0
1970;civ;idn;0.0;9000.0
1970;civ;ind;328000.0;1012000.0
1970;civ;irl;1015000.0;33000.0
1970;civ;irn;34000.0;164000.0
1970;civ;irq;12000.0;96000.0
1970;civ;isl;3000.0;26000.0
1970;civ;isr;926000.0;1427000.0
1970;civ;ita;63852000.0;25006000.0
1970;civ;jam;0.0;37000.0
1970;civ;jor;24000.0;0.0
1970;civ;jpn;9699000.0;9719000.0
1970;civ;ken;24000.0;73000.0
1970;civ;khm;0.0;14000.0
1970;civ;kor;9000.0;855000.0
1970;civ;kwt;13000.0;176000.0
1970;civ;lbn;328000.0;119000.0
1970;civ;lbr;636000.0;61000.0
1970;civ;lby;220000.0;22000.0
1970;civ;lka;0.0;10000.0
1970;civ;mar;7869000.0;2212000.0
1970;civ;mdg;384000.0;2351000.0
1970;civ;mex;86000.0;2000.0
1970;civ;mli;4320000.0;719000.0
1970;civ;mlt;182000.0;0.0
1970;civ;moz;99000.0;1000.0
1970;civ;mrt;194000.0;2000.0
1970;civ;mus;17000.0;1000.0
1970;civ;mwi;3000.0;48000.0
1970;civ;mys;6000.0;179000.0
1970;civ;naa;2000.0;72000.0
1970;civ;ncl;20000.0;0.0
1970;civ;ner;3012000.0;602000.0
1970;civ;nga;1973000.0;107000.0
1970;civ;nld;21499000.0;18577000.0
1970;civ;nor;416000.0;2404000.0
1970;civ;nzl;212000.0;9000.0
1970;civ;omn;64000.0;0.0
1970;civ;pak;39000.0;468000.0
1970;civ;per;10000.0;0.0
1970;civ;phl;6000.0;128000.0
1970;civ;pol;874000.0;1135000.0
1970;civ;prk;0.0;13000.0
1970;civ;prt;28000.0;49000.0
1970;civ;pry;0.0;102000.0
1970;civ;rou;42000.0;791000.0
1970;civ;sdn;0.0;1000.0
1970;civ;sen;9659000.0;10281000.0
1970;civ;sgp;602000.0;229000.0
1970;civ;sle;141000.0;47000.0
1970;civ;slv;0.0;14000.0
1970;civ;som;1000.0;5000.0
1970;civ;sun;1407000.0;529000.0
1970;civ;swe;947000.0;1921000.0
1970;civ;syr;95000.0;0.0
1970;civ;tcd;138000.0;79000.0
1970;civ;tgo;491000.0;27000.0
1970;civ;tha;1000.0;299000.0
1970;civ;tto;3300000.0;727000.0
1970;civ;tun;863000.0;790000.0
1970;civ;tur;55000.0;110000.0
1970;civ;twn;5029000.0;4323000.0
1970;civ;ury;3000.0;0.0
1970;civ;usa;92205000.0;30700000.0
1970;civ;ven;0.0;1050000.0
1970;civ;vnm;0.0;3000.0
1970;civ;wld;589632000.0;387294000.0
1970;civ;xxh;214000.0;135000.0
1970;civ;yar;0.0;33000.0
1970;civ;ymd;0.0;62000.0
1970;civ;yug;2859000.0;91000.0
1970;civ;zmb;122000.0;2000.0
1970;cmr;alb;0.0;24000.0
1970;cmr;arg;0.0;2000.0
1970;cmr;aus;50000.0;59000.0
1970;cmr;aut;433000.0;126000.0
1970;cmr;bdi;2000.0;0.0
1970;cmr;bel;4090000.0;6560000.0
1970;cmr;ben;20000.0;20000.0
1970;cmr;bfa;2000.0;0.0
1970;cmr;bgr;0.0;23000.0
1970;cmr;bra;0.0;105000.0
1970;cmr;brb;47000.0;53000.0
1970;cmr;caf;3432000.0;943000.0
1970;cmr;can;708000.0;1071000.0
1970;cmr;che;1308000.0;678000.0
1970;cmr;chl;0.0;2000.0
1970;cmr;chn;134000.0;1599000.0
1970;cmr;civ;1043000.0;881000.0
1970;cmr;cod;128000.0;18000.0
1970;cmr;cog;2940000.0;2046000.0
1970;cmr;col;0.0;5000.0
1970;cmr;csk;128000.0;442000.0
1970;cmr;cub;0.0;4000.0
1970;cmr;cyp;0.0;10000.0
1970;cmr;ddr;0.0;599000.0
1970;cmr;deu;40706000.0;19646000.0
1970;cmr;dnk;333000.0;661000.0
1970;cmr;dom;0.0;14000.0
1970;cmr;dza;1358000.0;35000.0
1970;cmr;egy;137000.0;64000.0
1970;cmr;esp;4976000.0;2624000.0
1970;cmr;eth;7000.0;0.0
1970;cmr;fdr;40706000.0;19047000.0
1970;cmr;fin;6000.0;172000.0
1970;cmr;fra;74921000.0;122150000.0
1970;cmr;gab;5401000.0;9794000.0
1970;cmr;gbr;4639000.0;8990000.0
1970;cmr;gha;8000.0;14000.0
1970;cmr;gin;286000.0;5986000.0
1970;cmr;glp;7000.0;0.0
1970;cmr;gnq;982000.0;10000.0
1970;cmr;grc;318000.0;16000.0
1970;cmr;guf;1000.0;34000.0
1970;cmr;guy;8000.0;0.0
1970;cmr;hkg;2538000.0;919000.0
1970;cmr;hun;0.0;721000.0
1970;cmr;idn;0.0;11000.0
1970;cmr;ind;4000.0;173000.0
1970;cmr;irl;9000.0;259000.0
1970;cmr;irn;0.0;57000.0
1970;cmr;isl;8000.0;421000.0
1970;cmr;isr;37000.0;16000.0
1970;cmr;ita;6517000.0;12124000.0
1970;cmr;jam;0.0;1000.0
1970;cmr;jpn;6263000.0;5739000.0
1970;cmr;ken;0.0;3000.0
1970;cmr;khm;1000.0;56000.0
1970;cmr;kor;0.0;351000.0
1970;cmr;kwt;181000.0;61000.0
1970;cmr;lbn;389000.0;3000.0
1970;cmr;lbr;3000.0;49000.0
1970;cmr;mar;1751000.0;780000.0
1970;cmr;mdg;18000.0;4000.0
1970;cmr;mex;192000.0;2000.0
1970;cmr;mli;4000.0;3000.0
1970;cmr;mlt;259000.0;0.0
1970;cmr;mng;0.0;7000.0
1970;cmr;mrt;37000.0;1000.0
1970;cmr;mwi;0.0;160000.0
1970;cmr;mys;0.0;122000.0
1970;cmr;naa;0.0;493000.0
1970;cmr;ncl;0.0;1000.0
1970;cmr;ner;40000.0;8000.0
1970;cmr;nga;376000.0;313000.0
1970;cmr;nld;53924000.0;8363000.0
1970;cmr;nor;92000.0;735000.0
1970;cmr;nzl;80000.0;0.0
1970;cmr;pak;87000.0;1211000.0
1970;cmr;phl;0.0;15000.0
1970;cmr;pol;642000.0;761000.0
1970;cmr;prk;0.0;123000.0
1970;cmr;prt;27000.0;1000.0
1970;cmr;pry;0.0;8000.0
1970;cmr;rou;0.0;55000.0
1970;cmr;sau;0.0;24000.0
1970;cmr;sdn;3000.0;0.0
1970;cmr;sen;61000.0;1257000.0
1970;cmr;sun;7459000.0;828000.0
1970;cmr;swe;108000.0;791000.0
1970;cmr;tcd;1642000.0;61000.0
1970;cmr;tgo;36000.0;9000.0
1970;cmr;tha;0.0;31000.0
1970;cmr;tto;0.0;2000.0
1970;cmr;tun;8000.0;148000.0
1970;cmr;tur;0.0;122000.0
1970;cmr;twn;26000.0;1087000.0
1970;cmr;usa;25267000.0;18586000.0
1970;cmr;ven;0.0;80000.0
1970;cmr;vnm;0.0;3000.0
1970;cmr;wld;258393000.0;242097000.0
1970;cmr;xxh;259000.0;29000.0
1970;cmr;yug;1486000.0;16000.0
1970;cmr;zwe;0.0;12000.0
1970;cod;afg;0.0;30000.0
1970;cod;ago;237000.0;7586000.0
1970;cod;arg;6000.0;2067000.0
1970;cod;aus;788000.0;233000.0
1970;cod;aut;124000.0;1819000.0
1970;cod;bdi;2107000.0;278000.0
1970;cod;bel;464005000.0;130336000.0
1970;cod;bgr;0.0;70000.0
1970;cod;bmu;0.0;4000.0
1970;cod;bra;2856000.0;164000.0
1970;cod;brb;0.0;201000.0
1970;cod;caf;332000.0;179000.0
1970;cod;can;1557000.0;1584000.0
1970;cod;che;1008000.0;7839000.0
1970;cod;chl;0.0;118000.0
1970;cod;chn;0.0;23000.0
1970;cod;civ;79000.0;201000.0
1970;cod;cmr;18000.0;128000.0
1970;cod;cog;141000.0;44000.0
1970;cod;col;0.0;3000.0
1970;cod;csk;0.0;1732000.0
1970;cod;cyp;0.0;1000.0
1970;cod;ddr;5000.0;344000.0
1970;cod;deu;50662000.0;55565000.0
1970;cod;dnk;561000.0;3980000.0
1970;cod;dza;2000.0;0.0
1970;cod;ecu;0.0;1000.0
1970;cod;egy;29000.0;83000.0
1970;cod;esp;7642000.0;6131000.0
1970;cod;eth;0.0;6000.0
1970;cod;fdr;50657000.0;55221000.0
1970;cod;fin;9000.0;293000.0
1970;cod;fio;49000.0;12181000.0
1970;cod;fji;0.0;4000.0
1970;cod;fra;70915000.0;43240000.0
1970;cod;gab;2000.0;16000.0
1970;cod;gbr;10941000.0;38713000.0
1970;cod;gha;276000.0;26000.0
1970;cod;gin;0.0;26000.0
1970;cod;glp;73000.0;0.0
1970;cod;gnb;0.0;173000.0
1970;cod;grc;5827000.0;631000.0
1970;cod;guf;0.0;4000.0
1970;cod;guy;3000.0;0.0
1970;cod;hkg;265000.0;6156000.0
1970;cod;hun;11000.0;527000.0
1970;cod;idn;0.0;2000.0
1970;cod;ind;28930000.0;179000.0
1970;cod;irl;52000.0;226000.0
1970;cod;irn;0.0;10587000.0
1970;cod;irq;0.0;1000.0
1970;cod;isl;0.0;193000.0
1970;cod;isr;304000.0;1578000.0
1970;cod;ita;99915000.0;28885000.0
1970;cod;jpn;37610000.0;35918000.0
1970;cod;ken;1876000.0;2536000.0
1970;cod;kor;0.0;33000.0
1970;cod;lao;25000.0;0.0
1970;cod;lbn;638000.0;334000.0
1970;cod;lbr;8000.0;73000.0
1970;cod;lby;0.0;1000.0
1970;cod;mac;0.0;1000.0
1970;cod;mar;326000.0;160000.0
1970;cod;mdg;0.0;54000.0
1970;cod;mex;130000.0;26000.0
1970;cod;mli;2000.0;1000.0
1970;cod;mlt;0.0;12000.0
1970;cod;moz;1000.0;866000.0
1970;cod;mrt;0.0;843000.0
1970;cod;mwi;0.0;638000.0
1970;cod;mys;0.0;24000.0
1970;cod;naa;284000.0;3868000.0
1970;cod;ner;0.0;2000.0
1970;cod;nga;1424000.0;2995000.0
1970;cod;nld;24877000.0;22214000.0
1970;cod;nor;80000.0;1565000.0
1970;cod;nzl;24000.0;8000.0
1970;cod;pak;0.0;97000.0
1970;cod;pan;0.0;28000.0
1970;cod;per;0.0;14000.0
1970;cod;phl;20000.0;0.0
1970;cod;pol;0.0;592000.0
1970;cod;prk;0.0;2000.0
1970;cod;prt;700000.0;4387000.0
1970;cod;pry;0.0;8000.0
1970;cod;rou;0.0;287000.0
1970;cod;sau;0.0;5977000.0
1970;cod;sdn;1000.0;19000.0
1970;cod;sen;148000.0;333000.0
1970;cod;sle;0.0;10000.0
1970;cod;slv;15000.0;0.0
1970;cod;sun;0.0;201000.0
1970;cod;swe;111000.0;6041000.0
1970;cod;syr;0.0;2000.0
1970;cod;tcd;522000.0;2533000.0
1970;cod;tgo;1000.0;137000.0
1970;cod;tha;0.0;60000.0
1970;cod;tto;4000.0;0.0
1970;cod;tun;0.0;368000.0
1970;cod;tur;0.0;245000.0
1970;cod;twn;68000.0;1946000.0
1970;cod;tza;15000.0;315000.0
1970;cod;uga;111000.0;1547000.0
1970;cod;ury;0.0;4000.0
1970;cod;usa;40609000.0;56984000.0
1970;cod;ven;0.0;217000.0
1970;cod;vnm;4000.0;0.0
1970;cod;wld;1031735000.0;532869000.0
1970;cod;xxe;0.0;1000.0
1970;cod;xxh;169763000.0;2442000.0
1970;cod;ymd;1000.0;540000.0
1970;cod;yug;815000.0;687000.0
1970;cod;zaf;0.0;104000.0
1970;cod;zmb;1774000.0;3405000.0
1970;cod;zwe;22000.0;7117000.0
1970;cog;ago;0.0;10000.0
1970;cog;alb;0.0;46000.0
1970;cog;arg;55000.0;794000.0
1970;cog;aus;82000.0;2000.0
1970;cog;aut;212000.0;16000.0
1970;cog;bel;2098000.0;2171000.0
1970;cog;ben;2000.0;34000.0
1970;cog;bfa;1093000.0;0.0
1970;cog;bra;0.0;19000.0
1970;cog;brb;0.0;2000.0
1970;cog;can;0.0;146000.0
1970;cog;che;1484000.0;279000.0
1970;cog;chn;4000.0;1125000.0
1970;cog;civ;1850000.0;230000.0
1970;cog;cmr;2046000.0;2940000.0
1970;cog;cod;44000.0;141000.0
1970;cog;col;0.0;23000.0
1970;cog;csk;103000.0;49000.0
1970;cog;cub;156000.0;0.0
1970;cog;ddr;84000.0;52000.0
1970;cog;deu;17749000.0;5088000.0
1970;cog;dnk;746000.0;144000.0
1970;cog;dza;5000.0;943000.0
1970;cog;egy;49000.0;24000.0
1970;cog;esp;499000.0;748000.0
1970;cog;fdr;17665000.0;5036000.0
1970;cog;fin;72000.0;55000.0
1970;cog;fio;273000.0;1000.0
1970;cog;fra;9574000.0;31539000.0
1970;cog;gbr;3659000.0;1467000.0
1970;cog;gha;114000.0;6000.0
1970;cog;glp;5000.0;0.0
1970;cog;gnq;1000.0;0.0
1970;cog;grc;894000.0;3000.0
1970;cog;hkg;128000.0;163000.0
1970;cog;hun;24000.0;76000.0
1970;cog;ind;1309000.0;84000.0
1970;cog;irl;207000.0;16000.0
1970;cog;irn;0.0;56000.0
1970;cog;isl;72000.0;0.0
1970;cog;isr;1715000.0;7000.0
1970;cog;ita;12332000.0;1918000.0
1970;cog;jpn;4129000.0;978000.0
1970;cog;khm;0.0;1000.0
1970;cog;kor;1000.0;18000.0
1970;cog;kwt;0.0;213000.0
1970;cog;lbn;76000.0;9000.0
1970;cog;lbr;23000.0;2000.0
1970;cog;lby;34000.0;0.0
1970;cog;lka;0.0;1000.0
1970;cog;mar;68000.0;126000.0
1970;cog;mdg;26000.0;1000.0
1970;cog;mex;0.0;1000.0
1970;cog;mli;8000.0;8000.0
1970;cog;moz;6000.0;0.0
1970;cog;mrt;1695000.0;1411000.0
1970;cog;mwi;0.0;15000.0
1970;cog;mys;0.0;8000.0
1970;cog;naa;625000.0;283000.0
1970;cog;ner;24000.0;2000.0
1970;cog;nga;1000.0;20000.0
1970;cog;nld;4082000.0;2353000.0
1970;cog;nor;1929000.0;31000.0
1970;cog;nzl;18000.0;1000.0
1970;cog;pak;0.0;10000.0
1970;cog;pan;0.0;4000.0
1970;cog;phl;0.0;5000.0
1970;cog;pol;423000.0;5000.0
1970;cog;prt;148000.0;1000.0
1970;cog;pry;0.0;15000.0
1970;cog;rou;0.0;14000.0
1970;cog;sdn;47000.0;0.0
1970;cog;sen;321000.0;243000.0
1970;cog;sun;441000.0;77000.0
1970;cog;swe;221000.0;162000.0
1970;cog;syr;43000.0;0.0
1970;cog;tcd;5529000.0;696000.0
1970;cog;tgo;1000.0;8000.0
1970;cog;tha;0.0;1000.0
1970;cog;tto;0.0;1000.0
1970;cog;tun;0.0;8000.0
1970;cog;tur;0.0;1000.0
1970;cog;twn;54000.0;20000.0
1970;cog;usa;730000.0;3628000.0
1970;cog;ven;44000.0;12000.0
1970;cog;wld;82111000.0;61161000.0
1970;cog;xxh;113000.0;20000.0
1970;cog;yug;472000.0;3000.0
1970;cog;zaf;2084000.0;179000.0
1970;cog;zmb;39000.0;201000.0
1970;col;afg;5000.0;0.0
1970;col;ago;4000.0;0.0
1970;col;arg;12229000.0;14375000.0
1970;col;aus;33000.0;389000.0
1970;col;aut;3513000.0;1713000.0
1970;col;bdi;0.0;1000.0
1970;col;bel;10666000.0;9561000.0
1970;col;ben;0.0;1000.0
1970;col;bfa;1000.0;0.0
1970;col;bgr;2167000.0;337000.0
1970;col;bhs;18000.0;33000.0
1970;col;blz;44000.0;0.0
1970;col;bol;2106000.0;1000.0
1970;col;bra;2440000.0;5432000.0
1970;col;brb;147000.0;0.0
1970;col;can;25461000.0;25821000.0
1970;col;che;7742000.0;15577000.0
1970;col;chl;16307000.0;10258000.0
1970;col;chn;12000.0;77000.0
1970;col;civ;3000.0;13000.0
1970;col;cmr;5000.0;0.0
1970;col;cod;3000.0;0.0
1970;col;cog;23000.0;0.0
1970;col;cri;2927000.0;252000.0
1970;col;csk;1919000.0;1924000.0
1970;col;cub;27000.0;0.0
1970;col;cyp;5000.0;0.0
1970;col;ddr;9220000.0;3719000.0
1970;col;deu;120160000.0;75837000.0
1970;col;dnk;8961000.0;3950000.0
1970;col;dom;1063000.0;64000.0
1970;col;dza;48000.0;0.0
1970;col;ecu;13232000.0;9939000.0
1970;col;egy;0.0;24000.0
1970;col;esp;35453000.0;44151000.0
1970;col;eth;0.0;2000.0
1970;col;fdr;110940000.0;72118000.0
1970;col;fin;35344000.0;5053000.0
1970;col;fra;8563000.0;18190000.0
1970;col;gab;0.0;6000.0
1970;col;gbr;6427000.0;36276000.0
1970;col;gha;144000.0;1000.0
1970;col;glp;3532000.0;26000.0
1970;col;grc;513000.0;5000.0
1970;col;gtm;1614000.0;1000.0
1970;col;guf;377000.0;2000.0
1970;col;guy;175000.0;333000.0
1970;col;hkg;1890000.0;121000.0
1970;col;hnd;1039000.0;472000.0
1970;col;hti;158000.0;0.0
1970;col;hun;2828000.0;628000.0
1970;col;idn;1000.0;73000.0
1970;col;ind;1590000.0;236000.0
1970;col;irl;2236000.0;355000.0
1970;col;irn;12000.0;322000.0
1970;col;irq;0.0;1000.0
1970;col;isl;4000.0;7000.0
1970;col;isr;484000.0;103000.0
1970;col;ita;5693000.0;22396000.0
1970;col;jam;425000.0;73000.0
1970;col;jpn;26745000.0;59188000.0
1970;col;ken;1000.0;0.0
1970;col;kna;21000.0;3000.0
1970;col;kor;197000.0;11000.0
1970;col;lbn;23000.0;0.0
1970;col;lby;162000.0;0.0
1970;col;lka;1000.0;331000.0
1970;col;mar;452000.0;196000.0
1970;col;mdg;0.0;7000.0
1970;col;mex;879000.0;15886000.0
1970;col;mlt;3000.0;0.0
1970;col;moz;8000.0;0.0
1970;col;mys;0.0;3098000.0
1970;col;naa;3960000.0;573000.0
1970;col;ncl;0.0;1000.0
1970;col;nga;4000.0;0.0
1970;col;nic;1575000.0;36000.0
1970;col;nld;35412000.0;12242000.0
1970;col;nor;14222000.0;858000.0
1970;col;nzl;1216000.0;26000.0
1970;col;pak;2000.0;16000.0
1970;col;pan;3803000.0;729000.0
1970;col;per;26718000.0;9818000.0
1970;col;phl;77000.0;5000.0
1970;col;pol;1523000.0;7645000.0
1970;col;prt;1048000.0;231000.0
1970;col;pry;42000.0;314000.0
1970;col;rou;3690000.0;2063000.0
1970;col;sdn;0.0;35000.0
1970;col;sgp;334000.0;1234000.0
1970;col;slv;705000.0;29000.0
1970;col;som;0.0;1000.0
1970;col;sun;14531000.0;1251000.0
1970;col;sur;117000.0;3000.0
1970;col;swe;27365000.0;13077000.0
1970;col;tha;19000.0;21000.0
1970;col;tto;3342000.0;555000.0
1970;col;tun;55000.0;0.0
1970;col;twn;468000.0;230000.0
1970;col;ury;89000.0;3189000.0
1970;col;usa;270430000.0;390177000.0
1970;col;ven;5651000.0;8900000.0
1970;col;wld;793706000.0;842894000.0
1970;col;yug;8843000.0;5454000.0
1970;col;zaf;200000.0;1049000.0
1970;cri;afg;0.0;1000.0
1970;cri;arg;2000.0;450000.0
1970;cri;aus;51000.0;106000.0
1970;cri;aut;3077000.0;1081000.0
1970;cri;bel;3165000.0;6360000.0
1970;cri;bgr;0.0;3000.0
1970;cri;bhs;0.0;3000.0
1970;cri;bol;0.0;7000.0
1970;cri;bra;5000.0;544000.0
1970;cri;brb;1000.0;0.0
1970;cri;can;11591000.0;4696000.0
1970;cri;che;8080000.0;3602000.0
1970;cri;chl;0.0;28000.0
1970;cri;chn;0.0;74000.0
1970;cri;civ;1000.0;0.0
1970;cri;col;252000.0;2927000.0
1970;cri;csk;267000.0;476000.0
1970;cri;ddr;0.0;124000.0
1970;cri;deu;27184000.0;26353000.0
1970;cri;dnk;800000.0;564000.0
1970;cri;dom;276000.0;1000.0
1970;cri;ecu;63000.0;123000.0
1970;cri;esp;990000.0;2820000.0
1970;cri;fdr;27184000.0;26229000.0
1970;cri;fin;7972000.0;510000.0
1970;cri;fra;3247000.0;4113000.0
1970;cri;gbr;874000.0;15462000.0
1970;cri;glp;6000.0;0.0
1970;cri;grc;97000.0;17000.0
1970;cri;gtm;11213000.0;21539000.0
1970;cri;guy;1000.0;0.0
1970;cri;hkg;4000.0;815000.0
1970;cri;hnd;12345000.0;7087000.0
1970;cri;hti;3000.0;3000.0
1970;cri;hun;112000.0;167000.0
1970;cri;idn;0.0;10000.0
1970;cri;ind;0.0;154000.0
1970;cri;irl;180000.0;24000.0
1970;cri;irn;0.0;8000.0
1970;cri;isl;13000.0;1000.0
1970;cri;isr;2000.0;295000.0
1970;cri;ita;10264000.0;5618000.0
1970;cri;jam;84000.0;303000.0
1970;cri;jor;169000.0;0.0
1970;cri;jpn;16940000.0;28402000.0
1970;cri;kor;0.0;2000.0
1970;cri;kwt;18000.0;0.0
1970;cri;lbn;0.0;3000.0
1970;cri;lby;274000.0;0.0
1970;cri;lka;0.0;10000.0
1970;cri;mar;0.0;47000.0
1970;cri;mdg;0.0;2000.0
1970;cri;mex;325000.0;6569000.0
1970;cri;mlt;11000.0;2000.0
1970;cri;moz;0.0;4000.0
1970;cri;mys;0.0;400000.0
1970;cri;naa;116000.0;1761000.0
1970;cri;nic;13921000.0;19928000.0
1970;cri;nld;5260000.0;5374000.0
1970;cri;nor;1171000.0;514000.0
1970;cri;nzl;18000.0;0.0
1970;cri;pak;0.0;24000.0
1970;cri;pan;5763000.0;2706000.0
1970;cri;per;2000.0;216000.0
1970;cri;phl;27000.0;13000.0
1970;cri;pol;0.0;223000.0
1970;cri;prt;13000.0;182000.0
1970;cri;pry;1000.0;0.0
1970;cri;qat;0.0;4000.0
1970;cri;rou;0.0;21000.0
1970;cri;sdn;0.0;10000.0
1970;cri;sgp;0.0;12000.0
1970;cri;sle;0.0;1000.0
1970;cri;slv;11199000.0;20067000.0
1970;cri;spm;0.0;8000.0
1970;cri;sun;6294000.0;9000.0
1970;cri;swe;5732000.0;3254000.0
1970;cri;tha;4000.0;0.0
1970;cri;tto;7000.0;84000.0
1970;cri;tur;0.0;12000.0
1970;cri;twn;6496000.0;213000.0
1970;cri;uga;0.0;1000.0
1970;cri;ury;0.0;27000.0
1970;cri;usa;116814000.0;109809000.0
1970;cri;ven;103000.0;7643000.0
1970;cri;wld;293265000.0;315338000.0
1970;cri;xxh;117000.0;1164000.0
1970;cri;yug;243000.0;178000.0
1970;cri;zaf;5000.0;94000.0
1970;csk;afg;786000.0;591000.0
1970;csk;arg;2849000.0;10955000.0
1970;csk;aus;8918000.0;8344000.0
1970;csk;aut;67423000.0;59742000.0
1970;csk;bel;19378000.0;21262000.0
1970;csk;ben;185000.0;0.0
1970;csk;bfa;35000.0;0.0
1970;csk;bhr;698000.0;0.0
1970;csk;bol;1681000.0;0.0
1970;csk;bra;10080000.0;17189000.0
1970;csk;brb;106000.0;0.0
1970;csk;caf;27000.0;0.0
1970;csk;can;26325000.0;6685000.0
1970;csk;che;33023000.0;43311000.0
1970;csk;chl;1483000.0;180000.0
1970;csk;civ;792000.0;196000.0
1970;csk;cmr;442000.0;128000.0
1970;csk;cod;1732000.0;0.0
1970;csk;cog;49000.0;103000.0
1970;csk;col;1924000.0;1919000.0
1970;csk;cri;476000.0;267000.0
1970;csk;deu;198303000.0;282703000.0
1970;csk;dnk;24826000.0;13760000.0
1970;csk;ecu;2413000.0;1558000.0
1970;csk;egy;31364000.0;36224000.0
1970;csk;esp;10853000.0;10480000.0
1970;csk;eth;3626000.0;367000.0
1970;csk;fdr;198303000.0;282703000.0
1970;csk;fin;12760000.0;13261000.0
1970;csk;fio;1000.0;0.0
1970;csk;fji;85000.0;0.0
1970;csk;fra;39740000.0;57062000.0
1970;csk;gab;7000.0;130000.0
1970;csk;gbr;52411000.0;47925000.0
1970;csk;gha;3174000.0;0.0
1970;csk;glp;19000.0;0.0
1970;csk;gmb;58000.0;0.0
1970;csk;grc;13042000.0;13329000.0
1970;csk;gtm;212000.0;0.0
1970;csk;guy;24000.0;0.0
1970;csk;hkg;3861000.0;104000.0
1970;csk;hnd;378000.0;0.0
1970;csk;idn;0.0;284000.0
1970;csk;ind;28474000.0;36376000.0
1970;csk;irl;3305000.0;755000.0
1970;csk;irn;20981000.0;15422000.0
1970;csk;isl;2544000.0;1032000.0
1970;csk;isr;783000.0;839000.0
1970;csk;ita;75372000.0;74656000.0
1970;csk;jor;2046000.0;542000.0
1970;csk;jpn;15200000.0;10111000.0
1970;csk;ken;2764000.0;718000.0
1970;csk;khm;552000.0;3617000.0
1970;csk;kor;0.0;73000.0
1970;csk;kwt;3834000.0;5000.0
1970;csk;lao;861000.0;0.0
1970;csk;lbn;11607000.0;2611000.0
1970;csk;lbr;583000.0;0.0
1970;csk;lby;4342000.0;0.0
1970;csk;lka;1617000.0;586000.0
1970;csk;mar;2774000.0;5710000.0
1970;csk;mdg;59000.0;0.0
1970;csk;mex;3400000.0;196000.0
1970;csk;mli;117000.0;95000.0
1970;csk;mlt;1378000.0;0.0
1970;csk;mmr;4952000.0;0.0
1970;csk;mrt;159000.0;0.0
1970;csk;mus;46000.0;0.0
1970;csk;mwi;227000.0;0.0
1970;csk;mys;2866000.0;6325000.0
1970;csk;naa;394000.0;1000.0
1970;csk;ner;89000.0;0.0
1970;csk;nga;10468000.0;1640000.0
1970;csk;nic;84000.0;1000.0
1970;csk;nld;34414000.0;27912000.0
1970;csk;nor;14872000.0;5941000.0
1970;csk;nzl;2747000.0;2323000.0
1970;csk;pak;13519000.0;7106000.0
1970;csk;pan;370000.0;0.0
1970;csk;per;1028000.0;2063000.0
1970;csk;prt;1339000.0;3213000.0
1970;csk;pry;216000.0;0.0
1970;csk;sdn;2500000.0;4582000.0
1970;csk;sen;368000.0;0.0
1970;csk;sgp;3608000.0;2342000.0
1970;csk;slv;49000.0;41000.0
1970;csk;som;347000.0;1000.0
1970;csk;swe;31898000.0;31623000.0
1970;csk;tcd;20000.0;0.0
1970;csk;tgo;304000.0;0.0
1970;csk;tha;2798000.0;236000.0
1970;csk;tto;633000.0;0.0
1970;csk;tun;2547000.0;1803000.0
1970;csk;tur;12990000.0;11471000.0
1970;csk;tza;1002000.0;793000.0
1970;csk;uga;635000.0;422000.0
1970;csk;usa;24298000.0;21873000.0
1970;csk;ven;5067000.0;0.0
1970;csk;wld;1088251000.0;1022326000.0
1970;csk;wsm;8000.0;0.0
1970;csk;xxb;40000.0;0.0
1970;csk;yug;151463000.0;89210000.0
1970;csk;zmb;1724000.0;1000.0
1970;cub;aus;102000.0;760000.0
1970;cub;aut;130000.0;817000.0
1970;cub;bel;3847000.0;5242000.0
1970;cub;ben;3000.0;0.0
1970;cub;bhr;10000.0;0.0
1970;cub;bol;5000.0;0.0
1970;cub;brb;4000.0;0.0
1970;cub;caf;1000.0;0.0
1970;cub;can;9109000.0;56849000.0
1970;cub;che;1670000.0;12207000.0
1970;cub;chl;3000.0;3111000.0
1970;cub;civ;3000.0;0.0
1970;cub;cmr;4000.0;0.0
1970;cub;cog;0.0;156000.0
1970;cub;col;0.0;27000.0
1970;cub;deu;3603000.0;26516000.0
1970;cub;dnk;301000.0;3472000.0
1970;cub;ecu;4000.0;0.0
1970;cub;egy;124000.0;1738000.0
1970;cub;esp;35104000.0;36597000.0
1970;cub;eth;1000.0;0.0
1970;cub;fdr;3603000.0;26516000.0
1970;cub;fin;355000.0;756000.0
1970;cub;fra;15886000.0;58278000.0
1970;cub;gbr;13488000.0;47600000.0
1970;cub;glp;727000.0;300000.0
1970;cub;gmb;1000.0;0.0
1970;cub;grc;18000.0;0.0
1970;cub;guf;20000.0;2000.0
1970;cub;hkg;74000.0;231000.0
1970;cub;irl;676000.0;23000.0
1970;cub;ita;12048000.0;59073000.0
1970;cub;jor;5000.0;0.0
1970;cub;jpn;110683000.0;39219000.0
1970;cub;kor;0.0;41000.0
1970;cub;kwt;22000.0;0.0
1970;cub;lbn;262000.0;0.0
1970;cub;lby;29000.0;0.0
1970;cub;lka;6109000.0;0.0
1970;cub;mar;12307000.0;3982000.0
1970;cub;mex;6000.0;64000.0
1970;cub;mlt;17000.0;0.0
1970;cub;mmr;0.0;2793000.0
1970;cub;mys;20448000.0;129000.0
1970;cub;naa;7000.0;659000.0
1970;cub;nld;11024000.0;11792000.0
1970;cub;nor;1404000.0;2955000.0
1970;cub;nzl;1000.0;0.0
1970;cub;prt;206000.0;0.0
1970;cub;sgp;4310000.0;931000.0
1970;cub;som;9000.0;0.0
1970;cub;swe;4502000.0;5300000.0
1970;cub;tgo;2000.0;0.0
1970;cub;tto;1000.0;643000.0
1970;cub;tun;96000.0;0.0
1970;cub;twn;21000.0;3000.0
1970;cub;usa;0.0;43000.0
1970;cub;ven;5000.0;681000.0
1970;cub;wld;269734000.0;385205000.0
1970;cub;xxb;1000.0;0.0
1970;cub;yug;933000.0;2215000.0
1970;cub;zmb;3000.0;0.0
1970;cyp;arg;3000.0;863000.0
1970;cyp;aus;92000.0;1049000.0
1970;cyp;aut;1226000.0;1439000.0
1970;cyp;bel;562000.0;5092000.0
1970;cyp;bhr;177000.0;0.0
1970;cyp;bra;0.0;692000.0
1970;cyp;brb;19000.0;0.0
1970;cyp;can;241000.0;869000.0
1970;cyp;che;486000.0;1910000.0
1970;cyp;civ;0.0;96000.0
1970;cyp;cmr;10000.0;0.0
1970;cyp;cod;1000.0;0.0
1970;cyp;col;0.0;5000.0
1970;cyp;deu;22887000.0;16587000.0
1970;cyp;dnk;1337000.0;3576000.0
1970;cyp;egy;133000.0;760000.0
1970;cyp;esp;3857000.0;1633000.0
1970;cyp;eth;30000.0;13000.0
1970;cyp;fdr;22887000.0;16587000.0
1970;cyp;fin;1142000.0;1830000.0
1970;cyp;fra;4750000.0;11392000.0
1970;cyp;gab;0.0;1000.0
1970;cyp;gbr;49023000.0;58936000.0
1970;cyp;gha;0.0;126000.0
1970;cyp;gmb;16000.0;0.0
1970;cyp;grc;777000.0;9761000.0
1970;cyp;guy;7000.0;0.0
1970;cyp;hkg;216000.0;1011000.0
1970;cyp;idn;0.0;15000.0
1970;cyp;ind;0.0;1497000.0
1970;cyp;irl;901000.0;711000.0
1970;cyp;irn;14000.0;25000.0
1970;cyp;isl;10000.0;33000.0
1970;cyp;isr;618000.0;5364000.0
1970;cyp;ita;5224000.0;21158000.0
1970;cyp;jor;450000.0;0.0
1970;cyp;jpn;187000.0;11258000.0
1970;cyp;ken;13000.0;30000.0
1970;cyp;kwt;848000.0;15000.0
1970;cyp;lbn;861000.0;2716000.0
1970;cyp;lby;1094000.0;0.0
1970;cyp;lka;14000.0;49000.0
1970;cyp;mar;21000.0;1901000.0
1970;cyp;mex;0.0;8000.0
1970;cyp;mli;0.0;1000.0
1970;cyp;mlt;127000.0;66000.0
1970;cyp;mrt;1000.0;0.0
1970;cyp;mus;13000.0;0.0
1970;cyp;mwi;1000.0;0.0
1970;cyp;mys;9000.0;165000.0
1970;cyp;nga;36000.0;5000.0
1970;cyp;nld;2204000.0;7528000.0
1970;cyp;nor;776000.0;4921000.0
1970;cyp;nzl;17000.0;1042000.0
1970;cyp;pak;136000.0;2853000.0
1970;cyp;per;0.0;18000.0
1970;cyp;phl;49000.0;3000.0
1970;cyp;prt;0.0;1389000.0
1970;cyp;sdn;19000.0;14000.0
1970;cyp;sen;1000.0;0.0
1970;cyp;sgp;10000.0;780000.0
1970;cyp;swe;1320000.0;4096000.0
1970;cyp;tha;0.0;405000.0
1970;cyp;tto;9000.0;4000.0
1970;cyp;tur;0.0;619000.0
1970;cyp;twn;0.0;59000.0
1970;cyp;tza;35000.0;91000.0
1970;cyp;usa;1251000.0;8398000.0
1970;cyp;ven;128000.0;0.0
1970;cyp;wld;104512000.0;196100000.0
1970;cyp;xxb;2000.0;0.0
1970;cyp;yug;1105000.0;1221000.0
1970;cyp;zmb;16000.0;1000.0
1970;ddr;arg;46000.0;2882000.0
1970;ddr;aus;4934000.0;5759000.0
1970;ddr;aut;24190000.0;26163000.0
1970;ddr;bel;32318000.0;15865000.0
1970;ddr;ben;1469000.0;72000.0
1970;ddr;bfa;47000.0;0.0
1970;ddr;bhr;113000.0;0.0
1970;ddr;bol;186000.0;0.0
1970;ddr;bra;24742000.0;33064000.0
1970;ddr;brb;50000.0;0.0
1970;ddr;caf;39000.0;0.0
1970;ddr;can;3453000.0;394000.0
1970;ddr;che;13588000.0;25727000.0
1970;ddr;chl;41000.0;0.0
1970;ddr;civ;450000.0;138000.0
1970;ddr;cmr;599000.0;0.0
1970;ddr;cod;344000.0;5000.0
1970;ddr;cog;52000.0;84000.0
1970;ddr;col;3719000.0;9220000.0
1970;ddr;cri;124000.0;0.0
1970;ddr;dnk;21943000.0;16878000.0
1970;ddr;ecu;587000.0;2442000.0
1970;ddr;egy;35631000.0;45340000.0
1970;ddr;esp;4662000.0;7961000.0
1970;ddr;eth;57000.0;0.0
1970;ddr;fin;16867000.0;18875000.0
1970;ddr;fji;27000.0;0.0
1970;ddr;fra;42292000.0;59630000.0
1970;ddr;gab;72000.0;61000.0
1970;ddr;gbr;37970000.0;40200000.0
1970;ddr;gha;551000.0;349000.0
1970;ddr;glp;10000.0;0.0
1970;ddr;gmb;1000.0;0.0
1970;ddr;grc;6556000.0;12333000.0
1970;ddr;gtm;21000.0;0.0
1970;ddr;guy;3000.0;0.0
1970;ddr;hkg;1282000.0;0.0
1970;ddr;hnd;101000.0;0.0
1970;ddr;ind;28455000.0;29795000.0
1970;ddr;irl;1581000.0;65000.0
1970;ddr;irn;548000.0;385000.0
1970;ddr;isl;751000.0;668000.0
1970;ddr;isr;256000.0;19000.0
1970;ddr;ita;35335000.0;26498000.0
1970;ddr;jor;911000.0;0.0
1970;ddr;jpn;38645000.0;14656000.0
1970;ddr;ken;527000.0;4000.0
1970;ddr;khm;1133000.0;0.0
1970;ddr;kwt;1926000.0;0.0
1970;ddr;lao;3000.0;0.0
1970;ddr;lbn;2901000.0;1130000.0
1970;ddr;lbr;173000.0;0.0
1970;ddr;lby;860000.0;0.0
1970;ddr;lka;1689000.0;3223000.0
1970;ddr;mar;3917000.0;2482000.0
1970;ddr;mdg;104000.0;0.0
1970;ddr;mex;1311000.0;468000.0
1970;ddr;mli;485000.0;9000.0
1970;ddr;mlt;302000.0;0.0
1970;ddr;mmr;1470000.0;431000.0
1970;ddr;mrt;5000.0;0.0
1970;ddr;mus;42000.0;0.0
1970;ddr;mys;582000.0;312000.0
1970;ddr;ner;180000.0;0.0
1970;ddr;nga;426000.0;45000.0
1970;ddr;nld;44490000.0;36488000.0
1970;ddr;nor;7970000.0;6986000.0
1970;ddr;nzl;503000.0;1216000.0
1970;ddr;pak;221000.0;0.0
1970;ddr;pan;195000.0;0.0
1970;ddr;per;79000.0;1093000.0
1970;ddr;prt;226000.0;581000.0
1970;ddr;sdn;2013000.0;1864000.0
1970;ddr;sen;158000.0;0.0
1970;ddr;sgp;5853000.0;527000.0
1970;ddr;swe;46834000.0;77168000.0
1970;ddr;tcd;81000.0;0.0
1970;ddr;tgo;218000.0;0.0
1970;ddr;tha;455000.0;1000.0
1970;ddr;tto;314000.0;15000.0
1970;ddr;tun;763000.0;1700000.0
1970;ddr;tur;11261000.0;9812000.0
1970;ddr;tza;1397000.0;1132000.0
1970;ddr;uga;154000.0;136000.0
1970;ddr;usa;9412000.0;32534000.0
1970;ddr;ven;673000.0;0.0
1970;ddr;wld;611227000.0;625995000.0
1970;ddr;wsm;13000.0;0.0
1970;ddr;xxb;1000.0;0.0
1970;ddr;yug;74238000.0;51110000.0
1970;ddr;zmb;50000.0;0.0
1970;deu;afg;7301000.0;16011000.0
1970;deu;ago;37765000.0;36639000.0
1970;deu;alb;3249000.0;1227000.0
1970;deu;arg;185931000.0;172543000.0
1970;deu;aus;316117000.0;172745000.0
1970;deu;aut;1483519000.0;650443000.0
1970;deu;bdi;1821000.0;2303000.0
1970;deu;bel;2683765000.0;2776590000.0
1970;deu;ben;4785000.0;6322000.0
1970;deu;bfa;2868000.0;167000.0
1970;deu;bgr;64332000.0;64693000.0
1970;deu;bhr;5745000.0;566000.0
1970;deu;bmu;6161000.0;3340000.0
1970;deu;bol;17228000.0;11381000.0
1970;deu;bra;384080000.0;341103000.0
1970;deu;brb;2941000.0;3224000.0
1970;deu;caf;2588000.0;2402000.0
1970;deu;can;358665000.0;484675000.0
1970;deu;che;1950769000.0;860595000.0
1970;deu;chl;115504000.0;252435000.0
1970;deu;chn;162693000.0;76931000.0
1970;deu;civ;33842000.0;84844000.0
1970;deu;cmr;19646000.0;40706000.0
1970;deu;cod;55565000.0;50662000.0
1970;deu;cog;5088000.0;17749000.0
1970;deu;col;75837000.0;120160000.0
1970;deu;cri;26353000.0;27184000.0
1970;deu;csk;282703000.0;198303000.0
1970;deu;cub;26516000.0;3603000.0
1970;deu;cyp;16587000.0;22887000.0
1970;deu;dji;785000.0;39000.0
1970;deu;dnk;848860000.0;426392000.0
1970;deu;dom;14097000.0;2578000.0
1970;deu;dza;97324000.0;150082000.0
1970;deu;ecu;30793000.0;34572000.0
1970;deu;egy;96850000.0;101907000.0
1970;deu;esp;603134000.0;337686000.0
1970;deu;eth;23614000.0;11344000.0
1970;deu;fin;451715000.0;282357000.0
1970;deu;fio;4108000.0;360000.0
1970;deu;fji;1264000.0;2102000.0
1970;deu;fra;4260106000.0;3805871000.0
1970;deu;gab;7195000.0;17175000.0
1970;deu;gbr;1337193000.0;1165315000.0
1970;deu;gha;44128000.0;47111000.0
1970;deu;gib;1055000.0;41000.0
1970;deu;gin;3376000.0;8439000.0
1970;deu;glp;8878000.0;1498000.0
1970;deu;gmb;726000.0;2483000.0
1970;deu;gnb;1610000.0;1716000.0
1970;deu;gnq;1205000.0;1039000.0
1970;deu;grc;369928000.0;191814000.0
1970;deu;gtm;26989000.0;34894000.0
1970;deu;guf;761000.0;2000.0
1970;deu;guy;4793000.0;2672000.0
1970;deu;hkg;109620000.0;188975000.0
1970;deu;hnd;12104000.0;28633000.0
1970;deu;hti;2040000.0;779000.0
1970;deu;hun;139903000.0;133392000.0
1970;deu;idn;89083000.0;99664000.0
1970;deu;ind;163991000.0;99866000.0
1970;deu;irl;112112000.0;40483000.0
1970;deu;irn;351848000.0;238381000.0
1970;deu;irq;18811000.0;58331000.0
1970;deu;isl;24396000.0;21299000.0
1970;deu;isr;174579000.0;80625000.0
1970;deu;ita;2999582000.0;2972549000.0
1970;deu;jam;12247000.0;2992000.0
1970;deu;jor;17524000.0;212000.0
1970;deu;jpn;655674000.0;573333000.0
1970;deu;ken;31830000.0;23211000.0
1970;deu;khm;4989000.0;2930000.0
1970;deu;kor;67200000.0;17690000.0
1970;deu;kwt;54223000.0;68428000.0
1970;deu;lao;2404000.0;1000.0
1970;deu;lbn;63176000.0;7852000.0
1970;deu;lbr;21924000.0;89599000.0
1970;deu;lby;51120000.0;664279000.0
1970;deu;lka;25098000.0;16089000.0
1970;deu;mac;89000.0;10696000.0
1970;deu;mar;63911000.0;74336000.0
1970;deu;mdg;15534000.0;6160000.0
1970;deu;mex;186215000.0;45995000.0
1970;deu;mli;1734000.0;191000.0
1970;deu;mlt;8261000.0;3061000.0
1970;deu;mmr;14256000.0;8000000.0
1970;deu;mng;30000.0;259000.0
1970;deu;moz;29098000.0;9177000.0
1970;deu;mrt;1646000.0;15021000.0
1970;deu;mus;3721000.0;333000.0
1970;deu;mwi;3225000.0;1462000.0
1970;deu;mys;68802000.0;85388000.0
1970;deu;naa;18826000.0;9246000.0
1970;deu;ncl;15707000.0;9600000.0
1970;deu;ner;4707000.0;1132000.0
1970;deu;nga;138399000.0;154787000.0
1970;deu;nic;11353000.0;19697000.0
1970;deu;nld;3501882000.0;3625688000.0
1970;deu;nor;536489000.0;472197000.0
1970;deu;npl;983000.0;889000.0
1970;deu;nzl;53244000.0;37566000.0
1970;deu;omn;8125000.0;104539000.0
1970;deu;pak;119936000.0;38351000.0
1970;deu;pan;11253000.0;23576000.0
1970;deu;per;75447000.0;151220000.0
1970;deu;phl;68904000.0;43420000.0
1970;deu;pol;174476000.0;202930000.0
1970;deu;prk;7428000.0;12792000.0
1970;deu;prt;246177000.0;69333000.0
1970;deu;pry;10292000.0;7401000.0
1970;deu;qat;3400000.0;5870000.0
1970;deu;rou;193727000.0;158508000.0
1970;deu;rwa;1885000.0;1241000.0
1970;deu;sau;64515000.0;200186000.0
1970;deu;sdn;24419000.0;41388000.0
1970;deu;sen;12632000.0;7295000.0
1970;deu;sgp;88579000.0;12336000.0
1970;deu;sle;7060000.0;10193000.0
1970;deu;slv;16596000.0;61489000.0
1970;deu;som;4121000.0;253000.0
1970;deu;spm;111000.0;12000.0
1970;deu;sun;413824000.0;290031000.0
1970;deu;sur;6263000.0;23396000.0
1970;deu;swe;1372256000.0;933181000.0
1970;deu;syr;23217000.0;8750000.0
1970;deu;tcd;1960000.0;2729000.0
1970;deu;tgo;5453000.0;17323000.0
1970;deu;tha;110459000.0;44555000.0
1970;deu;tto;7491000.0;4577000.0
1970;deu;tun;26684000.0;22851000.0
1970;deu;tur;175362000.0;128632000.0
1970;deu;twn;61852000.0;77255000.0
1970;deu;tza;26433000.0;13721000.0
1970;deu;uga;11190000.0;11662000.0
1970;deu;ury;27036000.0;23450000.0
1970;deu;usa;3145356000.0;3055776000.0
1970;deu;ven;147437000.0;90669000.0
1970;deu;vnm;7807000.0;1236000.0
1970;deu;wld;35076042000.0;30440576000.0
1970;deu;wsm;192000.0;604000.0
1970;deu;xxb;1473000.0;0.0
1970;deu;xxe;2590000.0;7000.0
1970;deu;xxh;697169000.0;649249000.0
1970;deu;yar;4693000.0;321000.0
1970;deu;ymd;4040000.0;2520000.0
1970;deu;yug;641396000.0;316447000.0
1970;deu;zaf;527001000.0;289320000.0
1970;deu;zmb;23113000.0;127525000.0
1970;deu;zwe;1171000.0;60000.0
1970;dji;aus;1000.0;126000.0
1970;dji;aut;1000.0;44000.0
1970;dji;bel;24000.0;331000.0
1970;dji;che;0.0;284000.0
1970;dji;civ;0.0;2000.0
1970;dji;deu;39000.0;785000.0
1970;dji;dnk;0.0;203000.0
1970;dji;egy;0.0;308000.0
1970;dji;esp;11000.0;61000.0
1970;dji;eth;359000.0;6122000.0
1970;dji;fdr;39000.0;785000.0
1970;dji;fin;0.0;27000.0
1970;dji;fra;112000.0;9365000.0
1970;dji;gab;2000.0;0.0
1970;dji;gbr;69000.0;3224000.0
1970;dji;glp;0.0;1000.0
1970;dji;grc;0.0;34000.0
1970;dji;hkg;2000.0;246000.0
1970;dji;irn;73000.0;145000.0
1970;dji;isr;105000.0;16000.0
1970;dji;ita;59000.0;626000.0
1970;dji;jpn;55000.0;2883000.0
1970;dji;lka;0.0;30000.0
1970;dji;mar;0.0;15000.0
1970;dji;mdg;0.0;94000.0
1970;dji;mli;0.0;2000.0
1970;dji;mlt;0.0;175000.0
1970;dji;nld;3000.0;951000.0
1970;dji;nor;0.0;30000.0
1970;dji;pak;0.0;238000.0
1970;dji;prt;0.0;6000.0
1970;dji;sdn;1000.0;241000.0
1970;dji;sen;0.0;10000.0
1970;dji;som;6000.0;36000.0
1970;dji;swe;1000.0;83000.0
1970;dji;tha;0.0;243000.0
1970;dji;twn;0.0;290000.0
1970;dji;usa;177000.0;766000.0
1970;dji;wld;1100000.0;28043000.0
1970;dnk;afg;164000.0;255000.0
1970;dnk;ago;4628000.0;20701000.0
1970;dnk;alb;34000.0;1000.0
1970;dnk;arg;3696000.0;14674000.0
1970;dnk;aus;13483000.0;5992000.0
1970;dnk;aut;48388000.0;66383000.0
1970;dnk;bdi;124000.0;163000.0
1970;dnk;bel;41407000.0;126942000.0
1970;dnk;ben;255000.0;0.0
1970;dnk;bfa;78000.0;1599000.0
1970;dnk;bgr;2508000.0;2150000.0
1970;dnk;bhr;2072000.0;3074000.0
1970;dnk;bhs;2156000.0;707000.0
1970;dnk;blz;586000.0;11000.0
1970;dnk;bmu;1450000.0;106000.0
1970;dnk;bol;1034000.0;12000.0
1970;dnk;bra;23653000.0;66354000.0
1970;dnk;brb;1257000.0;9000.0
1970;dnk;caf;152000.0;72000.0
1970;dnk;can;29328000.0;22900000.0
1970;dnk;che;82391000.0;102486000.0
1970;dnk;chl;5019000.0;1565000.0
1970;dnk;chn;3779000.0;10550000.0
1970;dnk;civ;1075000.0;3258000.0
1970;dnk;cmr;661000.0;333000.0
1970;dnk;cod;3980000.0;561000.0
1970;dnk;cog;144000.0;746000.0
1970;dnk;col;3950000.0;8961000.0
1970;dnk;cri;564000.0;800000.0
1970;dnk;csk;13760000.0;24826000.0
1970;dnk;cub;3472000.0;301000.0
1970;dnk;cyp;3576000.0;1337000.0
1970;dnk;ddr;16878000.0;21943000.0
1970;dnk;deu;426392000.0;848860000.0
1970;dnk;dji;203000.0;0.0
1970;dnk;dom;1379000.0;269000.0
1970;dnk;dza;4506000.0;2386000.0
1970;dnk;ecu;1637000.0;2743000.0
1970;dnk;egy;4917000.0;5152000.0
1970;dnk;esp;26116000.0;33159000.0
1970;dnk;eth;1843000.0;749000.0
1970;dnk;fdr;409514000.0;826917000.0
1970;dnk;fin;77751000.0;128541000.0
1970;dnk;fio;217000.0;0.0
1970;dnk;fji;117000.0;0.0
1970;dnk;flk;6000.0;0.0
1970;dnk;fra;80180000.0;190974000.0
1970;dnk;gab;102000.0;781000.0
1970;dnk;gbr;662775000.0;608934000.0
1970;dnk;gha;4361000.0;2934000.0
1970;dnk;gib;905000.0;115000.0
1970;dnk;gin;112000.0;3000.0
1970;dnk;glp;1239000.0;4000.0
1970;dnk;gmb;134000.0;0.0
1970;dnk;gnq;3000.0;0.0
1970;dnk;grc;14821000.0;6538000.0
1970;dnk;gtm;778000.0;2768000.0
1970;dnk;guf;87000.0;0.0
1970;dnk;guy;604000.0;207000.0
1970;dnk;hkg;10569000.0;22144000.0
1970;dnk;hnd;536000.0;2041000.0
1970;dnk;hti;532000.0;687000.0
1970;dnk;hun;11193000.0;13573000.0
1970;dnk;idn;2795000.0;14569000.0
1970;dnk;ind;3922000.0;7272000.0
1970;dnk;irl;19637000.0;2245000.0
1970;dnk;irn;9117000.0;13527000.0
1970;dnk;irq;8976000.0;125000.0
1970;dnk;isl;21064000.0;10513000.0
1970;dnk;isr;8992000.0;6004000.0
1970;dnk;ita;106978000.0;136376000.0
1970;dnk;jam;1230000.0;143000.0
1970;dnk;jor;1718000.0;1000.0
1970;dnk;jpn;30099000.0;79151000.0
1970;dnk;ken;2165000.0;1360000.0
1970;dnk;khm;217000.0;0.0
1970;dnk;kir;19000.0;0.0
1970;dnk;kna;1979000.0;17000.0
1970;dnk;kor;829000.0;674000.0
1970;dnk;kwt;8973000.0;46702000.0
1970;dnk;lao;478000.0;16000.0
1970;dnk;lbn;4185000.0;3284000.0
1970;dnk;lbr;1731000.0;575000.0
1970;dnk;lby;3062000.0;24497000.0
1970;dnk;lka;2491000.0;1756000.0
1970;dnk;mac;26000.0;1091000.0
1970;dnk;mar;2510000.0;4431000.0
1970;dnk;mdg;244000.0;291000.0
1970;dnk;mex;4484000.0;1840000.0
1970;dnk;mli;80000.0;53000.0
1970;dnk;mlt;2110000.0;349000.0
1970;dnk;mmr;1449000.0;5335000.0
1970;dnk;mng;14000.0;5000.0
1970;dnk;moz;1534000.0;2117000.0
1970;dnk;mrt;356000.0;0.0
1970;dnk;mus;258000.0;0.0
1970;dnk;mwi;247000.0;357000.0
1970;dnk;mys;7365000.0;6158000.0
1970;dnk;naa;3564000.0;2620000.0
1970;dnk;ner;32000.0;0.0
1970;dnk;nga;8780000.0;19734000.0
1970;dnk;nic;703000.0;1561000.0
1970;dnk;nld;85092000.0;175520000.0
1970;dnk;nor;230117000.0;172914000.0
1970;dnk;npl;104000.0;34000.0
1970;dnk;nzl;2973000.0;4208000.0
1970;dnk;omn;1927000.0;20042000.0
1970;dnk;pak;2859000.0;1965000.0
1970;dnk;pan;3353000.0;1533000.0
1970;dnk;per;2811000.0;4963000.0
1970;dnk;phl;3739000.0;3072000.0
1970;dnk;png;155000.0;100000.0
1970;dnk;pol;37717000.0;44766000.0
1970;dnk;prt;19965000.0;28635000.0
1970;dnk;pry;146000.0;815000.0
1970;dnk;rou;5046000.0;4486000.0
1970;dnk;rwa;79000.0;0.0
1970;dnk;sau;5892000.0;40284000.0
1970;dnk;sdn;1478000.0;807000.0
1970;dnk;sen;489000.0;68000.0
1970;dnk;sgp;11011000.0;1498000.0
1970;dnk;shn;33000.0;0.0
1970;dnk;sle;991000.0;619000.0
1970;dnk;slv;822000.0;1726000.0
1970;dnk;som;94000.0;70000.0
1970;dnk;sun;26497000.0;35619000.0
1970;dnk;sur;695000.0;47000.0
1970;dnk;swe;542766000.0;700115000.0
1970;dnk;syc;50000.0;2000.0
1970;dnk;syr;2019000.0;1835000.0
1970;dnk;tcd;237000.0;137000.0
1970;dnk;tgo;233000.0;100000.0
1970;dnk;tha;9901000.0;1166000.0
1970;dnk;tto;1301000.0;7050000.0
1970;dnk;tun;1956000.0;493000.0
1970;dnk;tur;4243000.0;15111000.0
1970;dnk;twn;3224000.0;1227000.0
1970;dnk;tza;3358000.0;2922000.0
1970;dnk;uga;1375000.0;451000.0
1970;dnk;ury;828000.0;1528000.0
1970;dnk;usa;285639000.0;327400000.0
1970;dnk;ven;11744000.0;6477000.0
1970;dnk;vnm;282000.0;4000.0
1970;dnk;wld;3278688000.0;4384360000.0
1970;dnk;wsm;19000.0;1000.0
1970;dnk;xxb;571000.0;0.0
1970;dnk;xxh;26753000.0;2967000.0
1970;dnk;yar;615000.0;90000.0
1970;dnk;ymd;1519000.0;1064000.0
1970;dnk;yug;9431000.0;7730000.0
1970;dnk;zaf;17193000.0;5964000.0
1970;dnk;zmb;2063000.0;595000.0
1970;dnk;zwe;31000.0;0.0
1970;dom;arg;0.0;176000.0
1970;dom;aus;1000.0;71000.0
1970;dom;aut;255000.0;561000.0
1970;dom;bel;5795000.0;3899000.0
1970;dom;bol;6000.0;0.0
1970;dom;bra;3000.0;680000.0
1970;dom;brb;14000.0;0.0
1970;dom;can;1832000.0;19781000.0
1970;dom;che;1031000.0;2983000.0
1970;dom;chl;11000.0;209000.0
1970;dom;cmr;14000.0;0.0
1970;dom;col;64000.0;1063000.0
1970;dom;cri;1000.0;276000.0
1970;dom;deu;2578000.0;14097000.0
1970;dom;dnk;269000.0;1379000.0
1970;dom;ecu;4000.0;26000.0
1970;dom;esp;9883000.0;6993000.0
1970;dom;fdr;2578000.0;14097000.0
1970;dom;fin;7000.0;145000.0
1970;dom;fra;1916000.0;3700000.0
1970;dom;gbr;2024000.0;8213000.0
1970;dom;glp;157000.0;1000.0
1970;dom;grc;8000.0;5000.0
1970;dom;gtm;11000.0;760000.0
1970;dom;guy;86000.0;201000.0
1970;dom;hkg;8000.0;971000.0
1970;dom;hnd;0.0;4875000.0
1970;dom;ind;1000.0;197000.0
1970;dom;irl;1188000.0;23000.0
1970;dom;isr;0.0;27000.0
1970;dom;ita;2291000.0;11489000.0
1970;dom;jpn;6793000.0;33258000.0
1970;dom;kor;0.0;98000.0
1970;dom;mar;319000.0;13000.0
1970;dom;mex;4000.0;1203000.0
1970;dom;mys;0.0;1000.0
1970;dom;naa;221000.0;11353000.0
1970;dom;nic;1000.0;0.0
1970;dom;nld;2047000.0;7248000.0
1970;dom;nor;1515000.0;3774000.0
1970;dom;nzl;4675000.0;0.0
1970;dom;pak;0.0;597000.0
1970;dom;pan;23000.0;171000.0
1970;dom;per;3000.0;15000.0
1970;dom;phl;0.0;30000.0
1970;dom;prt;4000.0;328000.0
1970;dom;sgp;0.0;70000.0
1970;dom;slv;15000.0;168000.0
1970;dom;swe;423000.0;1389000.0
1970;dom;tha;1000.0;0.0
1970;dom;tto;153000.0;732000.0
1970;dom;usa;184029000.0;140538000.0
1970;dom;ven;381000.0;4577000.0
1970;dom;wld;230069000.0;288375000.0
1970;dom;yug;4000.0;11000.0
1970;dza;arg;373000.0;2448000.0
1970;dza;aus;51000.0;0.0
1970;dza;aut;71000.0;5141000.0
1970;dza;bel;20235000.0;33852000.0
1970;dza;ben;378000.0;37000.0
1970;dza;bfa;89000.0;137000.0
1970;dza;bra;26348000.0;25320000.0
1970;dza;caf;44000.0;0.0
1970;dza;can;187000.0;18350000.0
1970;dza;che;16726000.0;14251000.0
1970;dza;civ;13428000.0;2382000.0
1970;dza;cmr;35000.0;1358000.0
1970;dza;cod;0.0;2000.0
1970;dza;cog;943000.0;5000.0
1970;dza;col;0.0;48000.0
1970;dza;deu;150082000.0;97324000.0
1970;dza;dnk;2386000.0;4506000.0
1970;dza;egy;2792000.0;4266000.0
1970;dza;esp;20974000.0;33989000.0
1970;dza;eth;0.0;108000.0
1970;dza;fdr;150082000.0;97324000.0
1970;dza;fin;155000.0;7277000.0
1970;dza;fio;912000.0;0.0
1970;dza;fra;637163000.0;562420000.0
1970;dza;gab;79000.0;1120000.0
1970;dza;gbr;50794000.0;40157000.0
1970;dza;gha;9000.0;0.0
1970;dza;glp;460000.0;282000.0
1970;dza;grc;1513000.0;454000.0
1970;dza;guf;175000.0;0.0
1970;dza;hkg;0.0;220000.0
1970;dza;ind;824000.0;976000.0
1970;dza;irl;1558000.0;2000.0
1970;dza;irn;0.0;13000.0
1970;dza;ita;46145000.0;93611000.0
1970;dza;jor;120000.0;0.0
1970;dza;jpn;4155000.0;20211000.0
1970;dza;ken;61000.0;0.0
1970;dza;khm;1000.0;0.0
1970;dza;kor;0.0;141000.0
1970;dza;kwt;147000.0;1000.0
1970;dza;lao;2000.0;0.0
1970;dza;lbn;337000.0;3253000.0
1970;dza;lby;457000.0;1000.0
1970;dza;lka;0.0;1000.0
1970;dza;mar;13329000.0;12991000.0
1970;dza;mdg;1633000.0;1203000.0
1970;dza;mex;0.0;103000.0
1970;dza;mli;40000.0;327000.0
1970;dza;mlt;173000.0;4000.0
1970;dza;mrt;16000.0;0.0
1970;dza;mus;1000.0;0.0
1970;dza;ner;212000.0;96000.0
1970;dza;nga;1674000.0;2000.0
1970;dza;nld;5252000.0;22142000.0
1970;dza;nor;738000.0;1186000.0
1970;dza;nzl;1000.0;2000.0
1970;dza;pak;2000.0;367000.0
1970;dza;phl;0.0;99000.0
1970;dza;prt;136000.0;0.0
1970;dza;pry;7587000.0;62000.0
1970;dza;sdn;1000.0;1110000.0
1970;dza;sen;3955000.0;8000.0
1970;dza;sgp;14000.0;1079000.0
1970;dza;swe;2553000.0;8450000.0
1970;dza;tcd;42000.0;0.0
1970;dza;tgo;8000.0;0.0
1970;dza;tha;0.0;83000.0
1970;dza;tto;1420000.0;1155000.0
1970;dza;tun;1974000.0;7708000.0
1970;dza;tur;510000.0;1124000.0
1970;dza;twn;0.0;1071000.0
1970;dza;tza;3000.0;0.0
1970;dza;uga;5000.0;0.0
1970;dza;usa;9522000.0;61052000.0
1970;dza;vnm;5000.0;1000.0
1970;dza;wld;1053389000.0;1096836000.0
1970;dza;yug;2366000.0;1747000.0
1970;dza;zmb;8000.0;0.0
1970;ecu;arg;4389000.0;2218000.0
1970;ecu;aus;123000.0;1523000.0
1970;ecu;aut;4470000.0;1332000.0
1970;ecu;bel;3134000.0;4645000.0
1970;ecu;bgr;22000.0;1000.0
1970;ecu;bhs;9000.0;1000.0
1970;ecu;bol;93000.0;3000.0
1970;ecu;bra;1460000.0;665000.0
1970;ecu;can;10057000.0;3125000.0
1970;ecu;che;4874000.0;3546000.0
1970;ecu;chl;9028000.0;3604000.0
1970;ecu;chn;0.0;364000.0
1970;ecu;cod;1000.0;0.0
1970;ecu;col;9939000.0;13232000.0
1970;ecu;cri;123000.0;63000.0
1970;ecu;csk;1558000.0;2413000.0
1970;ecu;cub;0.0;4000.0
1970;ecu;ddr;2442000.0;587000.0
1970;ecu;deu;34572000.0;30793000.0
1970;ecu;dnk;2743000.0;1637000.0
1970;ecu;dom;26000.0;4000.0
1970;ecu;egy;0.0;6000.0
1970;ecu;esp;1777000.0;1826000.0
1970;ecu;fdr;32130000.0;30206000.0
1970;ecu;fin;2050000.0;1010000.0
1970;ecu;fra;6018000.0;3444000.0
1970;ecu;gbr;1405000.0;11056000.0
1970;ecu;gha;0.0;9000.0
1970;ecu;grc;228000.0;0.0
1970;ecu;gtm;87000.0;135000.0
1970;ecu;hkg;69000.0;469000.0
1970;ecu;hnd;17000.0;1000.0
1970;ecu;hun;3078000.0;541000.0
1970;ecu;idn;0.0;1000.0
1970;ecu;ind;0.0;168000.0
1970;ecu;irl;1433000.0;7000.0
1970;ecu;irn;17000.0;77000.0
1970;ecu;isl;74000.0;0.0
1970;ecu;isr;78000.0;94000.0
1970;ecu;ita;9244000.0;8335000.0
1970;ecu;jam;1000.0;2000.0
1970;ecu;jpn;84674000.0;24948000.0
1970;ecu;ken;0.0;1000.0
1970;ecu;kor;2000.0;63000.0
1970;ecu;lby;973000.0;0.0
1970;ecu;lka;0.0;194000.0
1970;ecu;mar;18000.0;2000.0
1970;ecu;mdg;0.0;2000.0
1970;ecu;mex;504000.0;1661000.0
1970;ecu;mlt;46000.0;0.0
1970;ecu;mys;6000.0;287000.0
1970;ecu;naa;7000.0;1161000.0
1970;ecu;nga;0.0;12000.0
1970;ecu;nic;351000.0;11000.0
1970;ecu;nld;1944000.0;3718000.0
1970;ecu;nor;2517000.0;1276000.0
1970;ecu;nzl;1658000.0;2000.0
1970;ecu;pak;31000.0;187000.0
1970;ecu;pan;416000.0;229000.0
1970;ecu;per;5808000.0;4364000.0
1970;ecu;phl;0.0;2000.0
1970;ecu;pol;184000.0;1172000.0
1970;ecu;prt;5000.0;240000.0
1970;ecu;pry;102000.0;600000.0
1970;ecu;rou;295000.0;9000.0
1970;ecu;sdn;0.0;17000.0
1970;ecu;sgp;9000.0;1000.0
1970;ecu;slv;109000.0;273000.0
1970;ecu;sun;756000.0;22000.0
1970;ecu;swe;4803000.0;3998000.0
1970;ecu;tcd;0.0;1000.0
1970;ecu;tha;0.0;4000.0
1970;ecu;tto;41000.0;1000.0
1970;ecu;tun;1000.0;0.0
1970;ecu;twn;14000.0;89000.0
1970;ecu;ury;9000.0;89000.0
1970;ecu;usa;108647000.0;116088000.0
1970;ecu;ven;99000.0;8147000.0
1970;ecu;wld;329383000.0;266433000.0
1970;ecu;xxh;0.0;308000.0
1970;ecu;yug;3157000.0;589000.0
1970;ecu;zaf;0.0;311000.0
1970;egy;afg;1000.0;0.0
1970;egy;alb;1688000.0;677000.0
1970;egy;arg;2000.0;1328000.0
1970;egy;aus;4108000.0;7837000.0
1970;egy;aut;4535000.0;2704000.0
1970;egy;bdi;6000.0;0.0
1970;egy;bel;12026000.0;3570000.0
1970;egy;ben;392000.0;0.0
1970;egy;bfa;195000.0;23000.0
1970;egy;bgr;11454000.0;7968000.0
1970;egy;bhr;106000.0;16000.0
1970;egy;bhs;1000.0;0.0
1970;egy;bol;16000.0;0.0
1970;egy;bra;10629000.0;333000.0
1970;egy;brb;38000.0;0.0
1970;egy;caf;13000.0;0.0
1970;egy;can;402000.0;3341000.0
1970;egy;che;5070000.0;16871000.0
1970;egy;chl;2085000.0;0.0
1970;egy;chn;17750000.0;15317000.0
1970;egy;civ;1577000.0;3000.0
1970;egy;cmr;64000.0;137000.0
1970;egy;cod;83000.0;29000.0
1970;egy;cog;24000.0;49000.0
1970;egy;col;24000.0;0.0
1970;egy;csk;36224000.0;31364000.0
1970;egy;cub;1738000.0;124000.0
1970;egy;cyp;760000.0;133000.0
1970;egy;ddr;45340000.0;35631000.0
1970;egy;deu;101907000.0;96850000.0
1970;egy;dji;308000.0;0.0
1970;egy;dnk;5152000.0;4917000.0
1970;egy;dza;4266000.0;2792000.0
1970;egy;ecu;6000.0;0.0
1970;egy;esp;31176000.0;28052000.0
1970;egy;eth;433000.0;184000.0
1970;egy;fdr;56567000.0;61219000.0
1970;egy;fin;3526000.0;2725000.0
1970;egy;fra;32045000.0;58199000.0
1970;egy;gab;15000.0;82000.0
1970;egy;gbr;23380000.0;30935000.0
1970;egy;gha;1287000.0;2399000.0
1970;egy;gin;774000.0;49000.0
1970;egy;glp;5000.0;0.0
1970;egy;gmb;339000.0;0.0
1970;egy;grc;4327000.0;5773000.0
1970;egy;gtm;1000.0;0.0
1970;egy;guy;46000.0;59000.0
1970;egy;hkg;276000.0;79000.0
1970;egy;hun;17335000.0;10721000.0
1970;egy;idn;774000.0;4000.0
1970;egy;ind;48384000.0;62475000.0
1970;egy;irl;186000.0;340000.0
1970;egy;irn;0.0;91000.0
1970;egy;irq;9502000.0;5813000.0
1970;egy;isl;14000.0;14000.0
1970;egy;ita;53597000.0;52018000.0
1970;egy;jor;5744000.0;310000.0
1970;egy;jpn;47342000.0;11850000.0
1970;egy;ken;93000.0;1021000.0
1970;egy;khm;0.0;3000.0
1970;egy;kor;49000.0;10000.0
1970;egy;kwt;2741000.0;1633000.0
1970;egy;lao;0.0;15000.0
1970;egy;lbn;3487000.0;8916000.0
1970;egy;lbr;715000.0;33000.0
1970;egy;lby;4460000.0;236000.0
1970;egy;lka;6729000.0;10245000.0
1970;egy;mar;117000.0;306000.0
1970;egy;mdg;1250000.0;0.0
1970;egy;mex;230000.0;2000.0
1970;egy;mli;1183000.0;48000.0
1970;egy;mlt;39000.0;1000.0
1970;egy;mmr;53000.0;1000.0
1970;egy;mrt;1120000.0;1000.0
1970;egy;mwi;0.0;120000.0
1970;egy;mys;372000.0;3000.0
1970;egy;naa;2000.0;0.0
1970;egy;ner;652000.0;20000.0
1970;egy;nga;4473000.0;1439000.0
1970;egy;nld;18668000.0;14209000.0
1970;egy;nor;811000.0;306000.0
1970;egy;nzl;2000.0;326000.0
1970;egy;omn;840000.0;18000.0
1970;egy;pak;415000.0;5138000.0
1970;egy;pan;0.0;3000.0
1970;egy;phl;96000.0;1816000.0
1970;egy;pol;17221000.0;22780000.0
1970;egy;prk;1495000.0;1326000.0
1970;egy;prt;1969000.0;89000.0
1970;egy;qat;88000.0;34000.0
1970;egy;rou;18588000.0;25882000.0
1970;egy;rwa;9000.0;0.0
1970;egy;sau;3581000.0;1404000.0
1970;egy;sdn;15289000.0;17173000.0
1970;egy;sen;114000.0;43000.0
1970;egy;sgp;10000.0;1851000.0
1970;egy;sle;3546000.0;3000.0
1970;egy;som;420000.0;150000.0
1970;egy;sun;281613000.0;95552000.0
1970;egy;swe;2344000.0;9939000.0
1970;egy;syr;10772000.0;8522000.0
1970;egy;tcd;6000.0;0.0
1970;egy;tgo;678000.0;3000.0
1970;egy;tha;10000.0;246000.0
1970;egy;tto;6000.0;0.0
1970;egy;tun;520000.0;15000.0
1970;egy;tur;2819000.0;4369000.0
1970;egy;twn;0.0;17000.0
1970;egy;tza;1858000.0;1594000.0
1970;egy;uga;79000.0;440000.0
1970;egy;ury;0.0;1321000.0
1970;egy;usa;22882000.0;48009000.0
1970;egy;ven;367000.0;0.0
1970;egy;vnm;44000.0;1000.0
1970;egy;wld;965076000.0;786452000.0
1970;egy;xxh;1267000.0;7921000.0
1970;egy;yar;1369000.0;1000.0
1970;egy;ymd;465000.0;340000.0
1970;egy;yug;23823000.0;20396000.0
1970;egy;zaf;1000.0;710000.0
1970;egy;zmb;68000.0;1895000.0
1970;egy;zwe;0.0;2000.0
1970;esp;afg;4000.0;49000.0
1970;esp;ago;3237000.0;22793000.0
1970;esp;alb;5000.0;1000.0
1970;esp;arg;33234000.0;106443000.0
1970;esp;aus;17699000.0;23175000.0
1970;esp;aut;12869000.0;26688000.0
1970;esp;bdi;160000.0;279000.0
1970;esp;bel;63431000.0;110342000.0
1970;esp;ben;217000.0;134000.0
1970;esp;bfa;300000.0;56000.0
1970;esp;bgr;6752000.0;6161000.0
1970;esp;bhr;114000.0;18245000.0
1970;esp;bmu;2414000.0;511000.0
1970;esp;bol;1247000.0;2371000.0
1970;esp;bra;32243000.0;125873000.0
1970;esp;brb;317000.0;0.0
1970;esp;caf;584000.0;6491000.0
1970;esp;can;33541000.0;73129000.0
1970;esp;che;56603000.0;107110000.0
1970;esp;chl;21336000.0;30960000.0
1970;esp;chn;522000.0;900000.0
1970;esp;civ;1002000.0;15775000.0
1970;esp;cmr;2624000.0;4976000.0
1970;esp;cod;6131000.0;7642000.0
1970;esp;cog;748000.0;499000.0
1970;esp;col;44151000.0;35453000.0
1970;esp;cri;2820000.0;990000.0
1970;esp;csk;10480000.0;10853000.0
1970;esp;cub;36597000.0;35104000.0
1970;esp;cyp;1633000.0;3857000.0
1970;esp;ddr;7961000.0;4662000.0
1970;esp;deu;337686000.0;603134000.0
1970;esp;dji;61000.0;11000.0
1970;esp;dnk;33159000.0;26116000.0
1970;esp;dom;6993000.0;9883000.0
1970;esp;dza;33989000.0;20974000.0
1970;esp;ecu;1826000.0;1777000.0
1970;esp;egy;28052000.0;31176000.0
1970;esp;eth;448000.0;365000.0
1970;esp;fdr;329725000.0;598472000.0
1970;esp;fin;12237000.0;29384000.0
1970;esp;fio;95000.0;51000.0
1970;esp;fji;68000.0;38000.0
1970;esp;fra;268492000.0;444644000.0
1970;esp;gab;1030000.0;2874000.0
1970;esp;gbr;302353000.0;333178000.0
1970;esp;gha;6079000.0;3693000.0
1970;esp;gib;4000.0;1000.0
1970;esp;gin;1119000.0;9578000.0
1970;esp;glp;404000.0;121000.0
1970;esp;gmb;58000.0;36000.0
1970;esp;gnq;16287000.0;20380000.0
1970;esp;grc;17769000.0;10859000.0
1970;esp;gtm;2681000.0;266000.0
1970;esp;guf;33000.0;0.0
1970;esp;guy;338000.0;3504000.0
1970;esp;hkg;3008000.0;7179000.0
1970;esp;hnd;824000.0;1676000.0
1970;esp;hti;104000.0;28000.0
1970;esp;hun;9001000.0;5511000.0
1970;esp;idn;225000.0;5090000.0
1970;esp;ind;1743000.0;6573000.0
1970;esp;irl;10989000.0;6063000.0
1970;esp;irn;5099000.0;36106000.0
1970;esp;irq;3503000.0;41173000.0
1970;esp;isl;971000.0;7202000.0
1970;esp;isr;3370000.0;11913000.0
1970;esp;ita;150448000.0;247100000.0
1970;esp;jam;469000.0;545000.0
1970;esp;jor;1220000.0;0.0
1970;esp;jpn;32678000.0;146040000.0
1970;esp;ken;728000.0;1082000.0
1970;esp;khm;104000.0;452000.0
1970;esp;kor;159000.0;2015000.0
1970;esp;kwt;2387000.0;32046000.0
1970;esp;lao;12000.0;0.0
1970;esp;lbn;7263000.0;2579000.0
1970;esp;lbr;733000.0;2932000.0
1970;esp;lby;4410000.0;117170000.0
1970;esp;lka;119000.0;1650000.0
1970;esp;mac;7000.0;269000.0
1970;esp;mar;20508000.0;26299000.0
1970;esp;mdg;243000.0;267000.0
1970;esp;mex;30255000.0;22306000.0
1970;esp;mli;82000.0;142000.0
1970;esp;mlt;2031000.0;143000.0
1970;esp;mmr;106000.0;721000.0
1970;esp;moz;974000.0;2868000.0
1970;esp;mrt;4777000.0;7397000.0
1970;esp;mus;209000.0;0.0
1970;esp;mwi;61000.0;804000.0
1970;esp;mys;1086000.0;30239000.0
1970;esp;naa;3119000.0;2022000.0
1970;esp;ncl;500000.0;533000.0
1970;esp;ner;127000.0;254000.0
1970;esp;nga;2824000.0;26938000.0
1970;esp;nic;1568000.0;215000.0
1970;esp;nld;87506000.0;132002000.0
1970;esp;nor;22745000.0;24365000.0
1970;esp;nzl;1303000.0;4516000.0
1970;esp;pak;1031000.0;6994000.0
1970;esp;pan;2144000.0;3018000.0
1970;esp;per;8285000.0;27370000.0
1970;esp;phl;1829000.0;10494000.0
1970;esp;pol;16601000.0;17873000.0
1970;esp;prk;12000.0;921000.0
1970;esp;prt;68979000.0;19001000.0
1970;esp;pry;658000.0;4312000.0
1970;esp;rou;10787000.0;11318000.0
1970;esp;sau;1848000.0;160553000.0
1970;esp;sdn;629000.0;2125000.0
1970;esp;sen;682000.0;1616000.0
1970;esp;sgp;1741000.0;1002000.0
1970;esp;sle;648000.0;61000.0
1970;esp;slv;871000.0;39000.0
1970;esp;som;15000.0;8000.0
1970;esp;spm;3000.0;0.0
1970;esp;sun;5928000.0;9737000.0
1970;esp;swe;51818000.0;107357000.0
1970;esp;syr;2656000.0;142000.0
1970;esp;tcd;294000.0;7000.0
1970;esp;tgo;594000.0;38000.0
1970;esp;tha;1412000.0;8301000.0
1970;esp;tto;545000.0;905000.0
1970;esp;tun;3287000.0;762000.0
1970;esp;tur;4405000.0;7505000.0
1970;esp;twn;298000.0;676000.0
1970;esp;tza;862000.0;2933000.0
1970;esp;uga;140000.0;8454000.0
1970;esp;ury;5605000.0;10046000.0
1970;esp;usa;358501000.0;896438000.0
1970;esp;ven;26414000.0;29350000.0
1970;esp;vnm;273000.0;0.0
1970;esp;wld;2511144000.0;4717733000.0
1970;esp;xxb;35000.0;0.0
1970;esp;xxe;8000.0;23000.0
1970;esp;xxh;13073000.0;500000.0
1970;esp;yar;129000.0;2000.0
1970;esp;ymd;223000.0;1000.0
1970;esp;yug;17150000.0;6074000.0
1970;esp;zaf;15605000.0;42943000.0
1970;esp;zmb;1252000.0;25506000.0
1970;eth;alb;0.0;4000.0
1970;eth;arg;0.0;3000.0
1970;eth;aus;82000.0;3394000.0
1970;eth;aut;768000.0;1057000.0
1970;eth;bel;469000.0;1985000.0
1970;eth;bgr;3000.0;112000.0
1970;eth;bhr;159000.0;184000.0
1970;eth;bra;7000.0;394000.0
1970;eth;brb;5000.0;0.0
1970;eth;can;43000.0;341000.0
1970;eth;che;1002000.0;2418000.0
1970;eth;chn;722000.0;2586000.0
1970;eth;civ;5000.0;1000.0
1970;eth;cmr;0.0;7000.0
1970;eth;cod;6000.0;0.0
1970;eth;col;2000.0;0.0
1970;eth;csk;367000.0;3626000.0
1970;eth;cub;0.0;1000.0
1970;eth;cyp;13000.0;30000.0
1970;eth;ddr;0.0;57000.0
1970;eth;deu;11344000.0;23614000.0
1970;eth;dji;6122000.0;359000.0
1970;eth;dnk;749000.0;1843000.0
1970;eth;dza;108000.0;0.0
1970;eth;egy;184000.0;433000.0
1970;eth;esp;365000.0;448000.0
1970;eth;fdr;11344000.0;23557000.0
1970;eth;fin;3027000.0;88000.0
1970;eth;fra;4521000.0;4905000.0
1970;eth;gab;0.0;45000.0
1970;eth;gbr;4702000.0;12790000.0
1970;eth;gha;17000.0;1000.0
1970;eth;gmb;0.0;17000.0
1970;eth;grc;1739000.0;395000.0
1970;eth;gtm;66000.0;0.0
1970;eth;guy;9000.0;0.0
1970;eth;hkg;14000.0;1711000.0
1970;eth;hun;0.0;654000.0
1970;eth;idn;5000.0;1000.0
1970;eth;ind;0.0;3039000.0
1970;eth;irl;2000.0;76000.0
1970;eth;irn;246000.0;10364000.0
1970;eth;irq;0.0;118000.0
1970;eth;isl;0.0;31000.0
1970;eth;isr;1996000.0;3252000.0
1970;eth;ita;10670000.0;30478000.0
1970;eth;jor;150000.0;0.0
1970;eth;jpn;9113000.0;25439000.0
1970;eth;ken;300000.0;2442000.0
1970;eth;kor;7000.0;548000.0
1970;eth;kwt;67000.0;151000.0
1970;eth;lbn;1044000.0;352000.0
1970;eth;lby;18000.0;0.0
1970;eth;lka;2613000.0;620000.0
1970;eth;mar;21000.0;2000.0
1970;eth;mdg;0.0;2000.0
1970;eth;mex;0.0;22000.0
1970;eth;mlt;12000.0;198000.0
1970;eth;mus;384000.0;0.0
1970;eth;mwi;1000.0;273000.0
1970;eth;mys;47000.0;49000.0
1970;eth;nga;29000.0;8000.0
1970;eth;nld;1458000.0;4349000.0
1970;eth;nor;916000.0;906000.0
1970;eth;nzl;1000.0;16000.0
1970;eth;pak;3000.0;385000.0
1970;eth;pol;0.0;740000.0
1970;eth;prt;1000.0;1000.0
1970;eth;rou;0.0;243000.0
1970;eth;rwa;28000.0;0.0
1970;eth;sau;7306000.0;313000.0
1970;eth;sdn;351000.0;331000.0
1970;eth;sen;32000.0;0.0
1970;eth;sgp;896000.0;1062000.0
1970;eth;som;1242000.0;2000.0
1970;eth;sun;401000.0;1505000.0
1970;eth;swe;2434000.0;4104000.0
1970;eth;syc;3000.0;0.0
1970;eth;syr;67000.0;0.0
1970;eth;tha;3000.0;974000.0
1970;eth;tto;11000.0;9000.0
1970;eth;tun;3000.0;3000.0
1970;eth;tur;199000.0;4000.0
1970;eth;twn;282000.0;1593000.0
1970;eth;tza;18000.0;134000.0
1970;eth;uga;6000.0;631000.0
1970;eth;usa;67305000.0;14613000.0
1970;eth;ven;20000.0;0.0
1970;eth;vnm;0.0;15000.0
1970;eth;wld;148554000.0;174760000.0
1970;eth;xxh;126000.0;329000.0
1970;eth;yar;1757000.0;711000.0
1970;eth;yug;340000.0;333000.0
1970;eth;zaf;0.0;1000.0
1970;eth;zmb;0.0;542000.0
1970;fdr;afg;7301000.0;16011000.0
1970;fdr;ago;37765000.0;36639000.0
1970;fdr;alb;3249000.0;1227000.0
1970;fdr;arg;185885000.0;169661000.0
1970;fdr;aus;311183000.0;166986000.0
1970;fdr;aut;1459329000.0;624280000.0
1970;fdr;bdi;1821000.0;2303000.0
1970;fdr;bel;2651447000.0;2760725000.0
1970;fdr;ben;3316000.0;6250000.0
1970;fdr;bfa;2821000.0;167000.0
1970;fdr;bgr;64332000.0;64693000.0
1970;fdr;bhr;5632000.0;566000.0
1970;fdr;bmu;6161000.0;3340000.0
1970;fdr;bol;17042000.0;11381000.0
1970;fdr;bra;359338000.0;308039000.0
1970;fdr;brb;2891000.0;3224000.0
1970;fdr;caf;2549000.0;2402000.0
1970;fdr;can;355212000.0;484281000.0
1970;fdr;che;1937181000.0;834868000.0
1970;fdr;chl;115463000.0;252435000.0
1970;fdr;chn;162693000.0;76931000.0
1970;fdr;civ;33392000.0;84706000.0
1970;fdr;cmr;19047000.0;40706000.0
1970;fdr;cod;55221000.0;50657000.0
1970;fdr;cog;5036000.0;17665000.0
1970;fdr;col;72118000.0;110940000.0
1970;fdr;cri;26229000.0;27184000.0
1970;fdr;csk;282703000.0;198303000.0
1970;fdr;cub;26516000.0;3603000.0
1970;fdr;cyp;16587000.0;22887000.0
1970;fdr;dji;785000.0;39000.0
1970;fdr;dnk;826917000.0;409514000.0
1970;fdr;dom;14097000.0;2578000.0
1970;fdr;dza;97324000.0;150082000.0
1970;fdr;ecu;30206000.0;32130000.0
1970;fdr;egy;61219000.0;56567000.0
1970;fdr;esp;598472000.0;329725000.0
1970;fdr;eth;23557000.0;11344000.0
1970;fdr;fin;434848000.0;263482000.0
1970;fdr;fio;4108000.0;360000.0
1970;fdr;fji;1237000.0;2102000.0
1970;fdr;fra;4217814000.0;3746241000.0
1970;fdr;gab;7123000.0;17114000.0
1970;fdr;gbr;1299223000.0;1125115000.0
1970;fdr;gha;43577000.0;46762000.0
1970;fdr;gib;1055000.0;41000.0
1970;fdr;gin;3376000.0;8439000.0
1970;fdr;glp;8868000.0;1498000.0
1970;fdr;gmb;725000.0;2483000.0
1970;fdr;gnb;1610000.0;1716000.0
1970;fdr;gnq;1205000.0;1039000.0
1970;fdr;grc;363372000.0;179481000.0
1970;fdr;gtm;26968000.0;34894000.0
1970;fdr;guf;761000.0;2000.0
1970;fdr;guy;4790000.0;2672000.0
1970;fdr;hkg;108338000.0;188975000.0
1970;fdr;hnd;12003000.0;28633000.0
1970;fdr;hti;2040000.0;779000.0
1970;fdr;hun;139903000.0;133392000.0
1970;fdr;idn;89083000.0;99664000.0
1970;fdr;ind;135536000.0;70071000.0
1970;fdr;irl;110531000.0;40418000.0
1970;fdr;irn;351300000.0;237996000.0
1970;fdr;irq;18811000.0;58331000.0
1970;fdr;isl;23645000.0;20631000.0
1970;fdr;isr;174323000.0;80606000.0
1970;fdr;ita;2964247000.0;2946051000.0
1970;fdr;jam;12247000.0;2992000.0
1970;fdr;jor;16613000.0;212000.0
1970;fdr;jpn;617029000.0;558677000.0
1970;fdr;ken;31303000.0;23207000.0
1970;fdr;khm;3856000.0;2930000.0
1970;fdr;kor;67200000.0;17690000.0
1970;fdr;kwt;52297000.0;68428000.0
1970;fdr;lao;2401000.0;1000.0
1970;fdr;lbn;60275000.0;6722000.0
1970;fdr;lbr;21751000.0;89599000.0
1970;fdr;lby;50260000.0;664279000.0
1970;fdr;lka;23409000.0;12866000.0
1970;fdr;mac;89000.0;10696000.0
1970;fdr;mar;59994000.0;71854000.0
1970;fdr;mdg;15430000.0;6160000.0
1970;fdr;mex;184904000.0;45527000.0
1970;fdr;mli;1249000.0;182000.0
1970;fdr;mlt;7959000.0;3061000.0
1970;fdr;mmr;12786000.0;7569000.0
1970;fdr;mng;30000.0;259000.0
1970;fdr;moz;29098000.0;9177000.0
1970;fdr;mrt;1641000.0;15021000.0
1970;fdr;mus;3679000.0;333000.0
1970;fdr;mwi;3225000.0;1462000.0
1970;fdr;mys;68220000.0;85076000.0
1970;fdr;naa;18826000.0;9246000.0
1970;fdr;ncl;15707000.0;9600000.0
1970;fdr;ner;4527000.0;1132000.0
1970;fdr;nga;137973000.0;154742000.0
1970;fdr;nic;11353000.0;19697000.0
1970;fdr;nld;3457392000.0;3589200000.0
1970;fdr;nor;528519000.0;465211000.0
1970;fdr;npl;983000.0;889000.0
1970;fdr;nzl;52741000.0;36350000.0
1970;fdr;omn;8125000.0;104539000.0
1970;fdr;pak;119715000.0;38351000.0
1970;fdr;pan;11058000.0;23576000.0
1970;fdr;per;75368000.0;150127000.0
1970;fdr;phl;68904000.0;43420000.0
1970;fdr;pol;174476000.0;202930000.0
1970;fdr;prk;7428000.0;12792000.0
1970;fdr;prt;245951000.0;68752000.0
1970;fdr;pry;10292000.0;7401000.0
1970;fdr;qat;3400000.0;5870000.0
1970;fdr;rou;193727000.0;158508000.0
1970;fdr;rwa;1885000.0;1241000.0
1970;fdr;sau;64515000.0;200186000.0
1970;fdr;sdn;22406000.0;39524000.0
1970;fdr;sen;12474000.0;7295000.0
1970;fdr;sgp;82726000.0;11809000.0
1970;fdr;sle;7060000.0;10193000.0
1970;fdr;slv;16596000.0;61489000.0
1970;fdr;som;4121000.0;253000.0
1970;fdr;spm;111000.0;12000.0
1970;fdr;sun;413824000.0;290031000.0
1970;fdr;sur;6263000.0;23396000.0
1970;fdr;swe;1325422000.0;856013000.0
1970;fdr;syr;23217000.0;8750000.0
1970;fdr;tcd;1879000.0;2729000.0
1970;fdr;tgo;5235000.0;17323000.0
1970;fdr;tha;110004000.0;44554000.0
1970;fdr;tto;7177000.0;4562000.0
1970;fdr;tun;25921000.0;21151000.0
1970;fdr;tur;164101000.0;118820000.0
1970;fdr;twn;61852000.0;77255000.0
1970;fdr;tza;25036000.0;12589000.0
1970;fdr;uga;11036000.0;11526000.0
1970;fdr;ury;27036000.0;23450000.0
1970;fdr;usa;3135944000.0;3023242000.0
1970;fdr;ven;146764000.0;90669000.0
1970;fdr;vnm;7807000.0;1236000.0
1970;fdr;wld;34464815000.0;29814581000.0
1970;fdr;wsm;179000.0;604000.0
1970;fdr;xxb;1472000.0;0.0
1970;fdr;xxe;2590000.0;7000.0
1970;fdr;xxh;697169000.0;649249000.0
1970;fdr;yar;4693000.0;321000.0
1970;fdr;ymd;4040000.0;2520000.0
1970;fdr;yug;567158000.0;265337000.0
1970;fdr;zaf;527001000.0;289320000.0
1970;fdr;zmb;23063000.0;127525000.0
1970;fdr;zwe;1171000.0;60000.0
1970;fin;afg;15000.0;70000.0
1970;fin;ago;189000.0;913000.0
1970;fin;alb;11000.0;1000.0
1970;fin;arg;22335000.0;4141000.0
1970;fin;aus;22045000.0;6896000.0
1970;fin;aut;18470000.0;38628000.0
1970;fin;bdi;19000.0;0.0
1970;fin;bel;48739000.0;49934000.0
1970;fin;ben;6000.0;0.0
1970;fin;bfa;6000.0;3000.0
1970;fin;bgr;3948000.0;5597000.0
1970;fin;bhr;54000.0;0.0
1970;fin;blz;17000.0;16000.0
1970;fin;bol;407000.0;5000.0
1970;fin;bra;14182000.0;31911000.0
1970;fin;brb;69000.0;0.0
1970;fin;caf;3000.0;6000.0
1970;fin;can;24690000.0;11982000.0
1970;fin;che;42591000.0;60213000.0
1970;fin;chl;2473000.0;2849000.0
1970;fin;chn;12845000.0;5935000.0
1970;fin;civ;577000.0;368000.0
1970;fin;cmr;172000.0;6000.0
1970;fin;cod;293000.0;9000.0
1970;fin;cog;55000.0;72000.0
1970;fin;col;5053000.0;35344000.0
1970;fin;cri;510000.0;7972000.0
1970;fin;csk;13261000.0;12760000.0
1970;fin;cub;756000.0;355000.0
1970;fin;cyp;1830000.0;1142000.0
1970;fin;ddr;18875000.0;16867000.0
1970;fin;deu;282357000.0;451715000.0
1970;fin;dji;27000.0;0.0
1970;fin;dnk;128541000.0;77751000.0
1970;fin;dom;145000.0;7000.0
1970;fin;dza;7277000.0;155000.0
1970;fin;ecu;1010000.0;2050000.0
1970;fin;egy;2725000.0;3526000.0
1970;fin;esp;29384000.0;12237000.0
1970;fin;eth;88000.0;3027000.0
1970;fin;fdr;263482000.0;434848000.0
1970;fin;fio;2000.0;0.0
1970;fin;fji;3000.0;0.0
1970;fin;fra;101970000.0;89741000.0
1970;fin;gab;55000.0;2000.0
1970;fin;gbr;466493000.0;346354000.0
1970;fin;gha;910000.0;2114000.0
1970;fin;gib;26000.0;0.0
1970;fin;gin;49000.0;386000.0
1970;fin;glp;7000.0;0.0
1970;fin;gmb;4000.0;0.0
1970;fin;gnq;3000.0;0.0
1970;fin;grc;19127000.0;3076000.0
1970;fin;gtm;244000.0;9009000.0
1970;fin;guf;2000.0;0.0
1970;fin;guy;265000.0;35000.0
1970;fin;hkg;2065000.0;6013000.0
1970;fin;hnd;231000.0;512000.0
1970;fin;hti;125000.0;2000.0
1970;fin;hun;9949000.0;11137000.0
1970;fin;idn;665000.0;1252000.0
1970;fin;ind;3402000.0;1097000.0
1970;fin;irl;19500000.0;1081000.0
1970;fin;irn;13309000.0;47149000.0
1970;fin;irq;2271000.0;17000.0
1970;fin;isl;4305000.0;4231000.0
1970;fin;isr;14856000.0;8769000.0
1970;fin;ita;67414000.0;56286000.0
1970;fin;jam;720000.0;243000.0
1970;fin;jor;512000.0;0.0
1970;fin;jpn;11217000.0;62262000.0
1970;fin;ken;3071000.0;6216000.0
1970;fin;khm;4000.0;0.0
1970;fin;kna;201000.0;337000.0
1970;fin;kor;242000.0;747000.0
1970;fin;kwt;387000.0;2000.0
1970;fin;lao;2000.0;0.0
1970;fin;lbn;2751000.0;307000.0
1970;fin;lbr;321000.0;4000.0
1970;fin;lby;658000.0;601000.0
1970;fin;lka;154000.0;178000.0
1970;fin;mac;0.0;149000.0
1970;fin;mar;2892000.0;2639000.0
1970;fin;mdg;34000.0;81000.0
1970;fin;mex;6203000.0;1530000.0
1970;fin;mli;9000.0;0.0
1970;fin;mlt;620000.0;20000.0
1970;fin;mmr;494000.0;320000.0
1970;fin;mng;60000.0;0.0
1970;fin;moz;606000.0;53000.0
1970;fin;mrt;3000.0;1000.0
1970;fin;mus;29000.0;3000.0
1970;fin;mwi;420000.0;151000.0
1970;fin;mys;781000.0;4975000.0
1970;fin;naa;119000.0;112000.0
1970;fin;ncl;21000.0;7000.0
1970;fin;ner;74000.0;0.0
1970;fin;nga;4484000.0;1349000.0
1970;fin;nic;51000.0;770000.0
1970;fin;nld;109347000.0;77887000.0
1970;fin;nor;87962000.0;62680000.0
1970;fin;npl;53000.0;0.0
1970;fin;nzl;1229000.0;2314000.0
1970;fin;omn;42000.0;0.0
1970;fin;pak;1900000.0;573000.0
1970;fin;pan;262000.0;198000.0
1970;fin;per;3161000.0;3147000.0
1970;fin;phl;918000.0;660000.0
1970;fin;pol;27476000.0;39331000.0
1970;fin;prk;14000.0;15000.0
1970;fin;prt;10404000.0;18836000.0
1970;fin;pry;154000.0;143000.0
1970;fin;rou;5291000.0;8304000.0
1970;fin;rwa;19000.0;0.0
1970;fin;sau;809000.0;15000.0
1970;fin;sdn;382000.0;1367000.0
1970;fin;sen;535000.0;339000.0
1970;fin;sgp;928000.0;350000.0
1970;fin;shn;0.0;32000.0
1970;fin;sle;178000.0;15000.0
1970;fin;slv;122000.0;4091000.0
1970;fin;som;5000.0;0.0
1970;fin;spm;1000.0;0.0
1970;fin;sun;282512000.0;331254000.0
1970;fin;sur;94000.0;28000.0
1970;fin;swe;357769000.0;424163000.0
1970;fin;syc;20000.0;0.0
1970;fin;syr;1224000.0;7000.0
1970;fin;tcd;8000.0;0.0
1970;fin;tgo;62000.0;0.0
1970;fin;tha;2447000.0;268000.0
1970;fin;tto;733000.0;14000.0
1970;fin;tun;521000.0;280000.0
1970;fin;tur;7003000.0;1247000.0
1970;fin;twn;126000.0;419000.0
1970;fin;tza;144000.0;419000.0
1970;fin;uga;285000.0;1154000.0
1970;fin;ury;542000.0;299000.0
1970;fin;usa;114393000.0;136916000.0
1970;fin;ven;4511000.0;4755000.0
1970;fin;vnm;178000.0;4000.0
1970;fin;wld;2499502000.0;2637235000.0
1970;fin;wsm;0.0;608000.0
1970;fin;xxb;9000.0;2000.0
1970;fin;xxe;3000.0;239000.0
1970;fin;yar;73000.0;0.0
1970;fin;ymd;18000.0;0.0
1970;fin;yug;3660000.0;5823000.0
1970;fin;zaf;19474000.0;4818000.0
1970;fin;zmb;934000.0;5305000.0
1970;fio;ago;0.0;70000.0
1970;fio;arg;0.0;11000.0
1970;fio;aus;18000.0;258000.0
1970;fio;aut;0.0;6000.0
1970;fio;bel;24000.0;2868000.0
1970;fio;ben;2000.0;0.0
1970;fio;bfa;3000.0;0.0
1970;fio;bgr;0.0;9000.0
1970;fio;bra;0.0;1233000.0
1970;fio;brb;0.0;201000.0
1970;fio;can;94000.0;4000.0
1970;fio;che;467000.0;321000.0
1970;fio;chn;0.0;566000.0
1970;fio;civ;0.0;71000.0
1970;fio;cod;12181000.0;49000.0
1970;fio;cog;1000.0;273000.0
1970;fio;csk;0.0;1000.0
1970;fio;deu;360000.0;4108000.0
1970;fio;dnk;0.0;217000.0
1970;fio;dza;0.0;912000.0
1970;fio;esp;51000.0;95000.0
1970;fio;fdr;360000.0;4108000.0
1970;fio;fin;0.0;2000.0
1970;fio;fio;10000.0;10000.0
1970;fio;fra;46613000.0;100039000.0
1970;fio;gab;0.0;130000.0
1970;fio;gbr;141000.0;1571000.0
1970;fio;glp;2000.0;0.0
1970;fio;gnb;0.0;94000.0
1970;fio;hkg;0.0;397000.0
1970;fio;idn;0.0;2000.0
1970;fio;ind;0.0;65000.0
1970;fio;irl;1000.0;73000.0
1970;fio;irn;1000.0;238000.0
1970;fio;isl;0.0;1000.0
1970;fio;isr;0.0;80000.0
1970;fio;ita;9188000.0;5795000.0
1970;fio;jpn;213000.0;2066000.0
1970;fio;ken;5000.0;2852000.0
1970;fio;khm;0.0;218000.0
1970;fio;lao;0.0;163000.0
1970;fio;lbn;0.0;1000.0
1970;fio;lka;0.0;4000.0
1970;fio;mac;0.0;260000.0
1970;fio;mar;0.0;1232000.0
1970;fio;mdg;477000.0;18871000.0
1970;fio;mli;0.0;162000.0
1970;fio;mmr;0.0;7000.0
1970;fio;moz;0.0;73000.0
1970;fio;mrt;0.0;75000.0
1970;fio;mus;21000.0;550000.0
1970;fio;mys;1135000.0;61000.0
1970;fio;ner;0.0;127000.0
1970;fio;nld;21000.0;3575000.0
1970;fio;nor;0.0;97000.0
1970;fio;nzl;0.0;59000.0
1970;fio;pak;16000.0;5000.0
1970;fio;prt;25000.0;14000.0
1970;fio;rou;0.0;2000.0
1970;fio;sen;13000.0;584000.0
1970;fio;sgp;0.0;1846000.0
1970;fio;som;4000.0;1000.0
1970;fio;sun;0.0;1000.0
1970;fio;sur;0.0;1000.0
1970;fio;swe;2000.0;1320000.0
1970;fio;tha;0.0;405000.0
1970;fio;tun;0.0;37000.0
1970;fio;tur;7000.0;0.0
1970;fio;twn;0.0;11000.0
1970;fio;tza;0.0;4000.0
1970;fio;uga;1000.0;3000.0
1970;fio;usa;399000.0;1977000.0
1970;fio;vnm;0.0;3000.0
1970;fio;wld;71509000.0;160944000.0
1970;fio;xxh;0.0;2000.0
1970;fio;zaf;13000.0;4505000.0
1970;fji;arg;0.0;1000.0
1970;fji;aus;16945000.0;24561000.0
1970;fji;aut;5000.0;38000.0
1970;fji;bel;0.0;50000.0
1970;fji;bhr;0.0;321000.0
1970;fji;bhs;0.0;35000.0
1970;fji;blz;0.0;13000.0
1970;fji;can;6606000.0;1191000.0
1970;fji;che;145000.0;874000.0
1970;fji;chn;0.0;573000.0
1970;fji;cod;4000.0;0.0
1970;fji;csk;0.0;85000.0
1970;fji;ddr;0.0;27000.0
1970;fji;deu;2102000.0;1264000.0
1970;fji;dnk;0.0;117000.0
1970;fji;esp;38000.0;68000.0
1970;fji;fdr;2102000.0;1237000.0
1970;fji;fin;0.0;3000.0
1970;fji;fji;24000.0;24000.0
1970;fji;fra;52000.0;865000.0
1970;fji;gbr;24463000.0;17983000.0
1970;fji;grc;7000.0;8000.0
1970;fji;guy;0.0;1000.0
1970;fji;hkg;176000.0;3404000.0
1970;fji;hun;0.0;6000.0
1970;fji;idn;0.0;23000.0
1970;fji;ind;0.0;1902000.0
1970;fji;irl;46000.0;9000.0
1970;fji;irn;0.0;4430000.0
1970;fji;irq;0.0;17000.0
1970;fji;isl;2000.0;0.0
1970;fji;isr;17000.0;10000.0
1970;fji;ita;129000.0;368000.0
1970;fji;jam;0.0;20000.0
1970;fji;jpn;10453000.0;15738000.0
1970;fji;ken;0.0;8000.0
1970;fji;kir;385000.0;26000.0
1970;fji;kna;0.0;12000.0
1970;fji;kor;0.0;2381000.0
1970;fji;kwt;0.0;197000.0
1970;fji;lao;20000.0;0.0
1970;fji;lka;0.0;725000.0
1970;fji;mac;0.0;5000.0
1970;fji;mar;0.0;57000.0
1970;fji;mdg;0.0;5000.0
1970;fji;mex;0.0;3000.0
1970;fji;mlt;0.0;2000.0
1970;fji;mmr;0.0;53000.0
1970;fji;mwi;0.0;8000.0
1970;fji;mys;0.0;268000.0
1970;fji;naa;0.0;2000.0
1970;fji;ncl;365000.0;4000.0
1970;fji;nld;565000.0;1200000.0
1970;fji;nor;1961000.0;20000.0
1970;fji;nzl;15945000.0;12428000.0
1970;fji;pak;0.0;650000.0
1970;fji;phl;0.0;21000.0
1970;fji;png;1000.0;11000.0
1970;fji;pol;0.0;23000.0
1970;fji;prt;0.0;11000.0
1970;fji;sau;0.0;83000.0
1970;fji;sgp;1240000.0;4011000.0
1970;fji;sun;0.0;46000.0
1970;fji;swe;0.0;355000.0
1970;fji;tha;0.0;174000.0
1970;fji;tur;9000.0;1000.0
1970;fji;twn;0.0;600000.0
1970;fji;tza;0.0;15000.0
1970;fji;usa;17185000.0;4568000.0
1970;fji;ven;0.0;1000.0
1970;fji;vnm;0.0;16000.0
1970;fji;wld;99853000.0;103720000.0
1970;fji;wsm;569000.0;10000.0
1970;fji;xxe;238000.0;22000.0
1970;fji;xxh;156000.0;234000.0
1970;fji;ymd;0.0;1278000.0
1970;fji;zaf;0.0;184000.0
1970;flk;aus;0.0;2000.0
1970;flk;can;0.0;19000.0
1970;flk;dnk;0.0;6000.0
1970;flk;gbr;1451000.0;807000.0
1970;flk;irl;168000.0;0.0
1970;flk;jpn;0.0;32000.0
1970;flk;nor;0.0;1000.0
1970;flk;nzl;0.0;5000.0
1970;flk;usa;2000.0;107000.0
1970;flk;wld;1621000.0;979000.0
1970;fra;afg;1420000.0;1251000.0
1970;fra;ago;17298000.0;6814000.0
1970;fra;alb;1214000.0;794000.0
1970;fra;arg;63512000.0;109360000.0
1970;fra;aus;79655000.0;180111000.0
1970;fra;aut;120283000.0;68639000.0
1970;fra;bdi;1762000.0;448000.0
1970;fra;bel;1947222000.0;2145770000.0
1970;fra;ben;26818000.0;15589000.0
1970;fra;bfa;23639000.0;3593000.0
1970;fra;bgr;47759000.0;18912000.0
1970;fra;bhr;1885000.0;183000.0
1970;fra;bmu;8066000.0;1619000.0
1970;fra;bol;3415000.0;1960000.0
1970;fra;bra;88571000.0;164349000.0
1970;fra;brb;1615000.0;4826000.0
1970;fra;caf;18430000.0;20492000.0
1970;fra;can;151645000.0;204957000.0
1970;fra;che;780490000.0;442858000.0
1970;fra;chl;31576000.0;80745000.0
1970;fra;chn;80703000.0;69857000.0
1970;fra;civ;178823000.0;191261000.0
1970;fra;cmr;122150000.0;74921000.0
1970;fra;cod;43240000.0;70915000.0
1970;fra;cog;31539000.0;9574000.0
1970;fra;col;18190000.0;8563000.0
1970;fra;cri;4113000.0;3247000.0
1970;fra;csk;57062000.0;39740000.0
1970;fra;cub;58278000.0;15886000.0
1970;fra;cyp;11392000.0;4750000.0
1970;fra;ddr;59630000.0;42292000.0
1970;fra;deu;3805871000.0;4260106000.0
1970;fra;dji;9365000.0;112000.0
1970;fra;dnk;190974000.0;80180000.0
1970;fra;dom;3700000.0;1916000.0
1970;fra;dza;562420000.0;637163000.0
1970;fra;ecu;3444000.0;6018000.0
1970;fra;egy;58199000.0;32045000.0
1970;fra;esp;444644000.0;268492000.0
1970;fra;eth;4905000.0;4521000.0
1970;fra;fdr;3746241000.0;4217814000.0
1970;fra;fin;89741000.0;101970000.0
1970;fra;fio;100039000.0;46613000.0
1970;fra;fji;865000.0;52000.0
1970;fra;fra;844000.0;844000.0
1970;fra;gab;45211000.0;86513000.0
1970;fra;gbr;865007000.0;864205000.0
1970;fra;gha;14978000.0;4026000.0
1970;fra;gib;972000.0;127000.0
1970;fra;gin;18718000.0;1674000.0
1970;fra;glp;199250000.0;76702000.0
1970;fra;gmb;503000.0;1171000.0
1970;fra;gnb;1413000.0;74000.0
1970;fra;gnq;1408000.0;8000.0
1970;fra;grc;142472000.0;44211000.0
1970;fra;gtm;4301000.0;2121000.0
1970;fra;guf;31251000.0;355000.0
1970;fra;guy;1352000.0;2270000.0
1970;fra;hkg;33883000.0;11400000.0
1970;fra;hnd;1204000.0;1645000.0
1970;fra;hti;3394000.0;4816000.0
1970;fra;hun;46587000.0;27084000.0
1970;fra;idn;16180000.0;22808000.0
1970;fra;ind;23126000.0;40113000.0
1970;fra;irl;50763000.0;39566000.0
1970;fra;irn;78215000.0;86142000.0
1970;fra;irq;35140000.0;203916000.0
1970;fra;isl;4245000.0;1686000.0
1970;fra;isr;60932000.0;35432000.0
1970;fra;ita;1972464000.0;1765500000.0
1970;fra;jam;6617000.0;375000.0
1970;fra;jor;4612000.0;31000.0
1970;fra;jpn;186555000.0;191151000.0
1970;fra;ken;14411000.0;2597000.0
1970;fra;khm;12382000.0;6527000.0
1970;fra;kir;2002000.0;8850000.0
1970;fra;kor;52237000.0;3491000.0
1970;fra;kwt;29941000.0;177689000.0
1970;fra;lao;9144000.0;97000.0
1970;fra;lbn;47701000.0;3343000.0
1970;fra;lbr;3727000.0;20673000.0
1970;fra;lby;35068000.0;274144000.0
1970;fra;lka;10344000.0;6514000.0
1970;fra;mac;32000.0;7085000.0
1970;fra;mar;212198000.0;216172000.0
1970;fra;mdg;93126000.0;53306000.0
1970;fra;mex;104571000.0;17411000.0
1970;fra;mli;17212000.0;5752000.0
1970;fra;mlt;4833000.0;269000.0
1970;fra;mmr;4562000.0;1427000.0
1970;fra;mng;3000.0;195000.0
1970;fra;moz;14026000.0;4676000.0
1970;fra;mrt;19942000.0;22803000.0
1970;fra;mus;5173000.0;452000.0
1970;fra;mwi;1106000.0;732000.0
1970;fra;mys;19926000.0;77608000.0
1970;fra;naa;4402000.0;1679000.0
1970;fra;ncl;135985000.0;83915000.0
1970;fra;ner;26732000.0;23407000.0
1970;fra;nga;35368000.0;119875000.0
1970;fra;nic;580000.0;806000.0
1970;fra;nld;963219000.0;1126894000.0
1970;fra;nor;108708000.0;81859000.0
1970;fra;npl;112000.0;664000.0
1970;fra;nzl;10694000.0;47227000.0
1970;fra;omn;4697000.0;101116000.0
1970;fra;pak;17154000.0;19872000.0
1970;fra;pan;3003000.0;269000.0
1970;fra;per;11733000.0;37642000.0
1970;fra;phl;19399000.0;7467000.0
1970;fra;pol;81173000.0;67962000.0
1970;fra;prk;4549000.0;733000.0
1970;fra;prt;110798000.0;48148000.0
1970;fra;pry;1638000.0;6833000.0
1970;fra;qat;2316000.0;31971000.0
1970;fra;rou;82037000.0;53320000.0
1970;fra;rwa;1117000.0;326000.0
1970;fra;sau;29186000.0;171623000.0
1970;fra;sdn;4933000.0;10267000.0
1970;fra;sen;98641000.0;90300000.0
1970;fra;sgp;28257000.0;5780000.0
1970;fra;sle;4596000.0;665000.0
1970;fra;slv;1906000.0;417000.0
1970;fra;som;525000.0;654000.0
1970;fra;spm;2352000.0;115000.0
1970;fra;sun;273159000.0;203462000.0
1970;fra;sur;1712000.0;3460000.0
1970;fra;swe;290167000.0;391931000.0
1970;fra;syr;18599000.0;8978000.0
1970;fra;tcd;22174000.0;12420000.0
1970;fra;tgo;18999000.0;21457000.0
1970;fra;tha;16837000.0;12796000.0
1970;fra;tto;4264000.0;988000.0
1970;fra;tun;105748000.0;43205000.0
1970;fra;tur;31755000.0;58019000.0
1970;fra;twn;6386000.0;4750000.0
1970;fra;tza;9006000.0;5360000.0
1970;fra;uga;4422000.0;654000.0
1970;fra;ury;5448000.0;8271000.0
1970;fra;usa;949609000.0;1896346000.0
1970;fra;ven;50482000.0;47054000.0
1970;fra;vnm;20476000.0;6625000.0
1970;fra;wld;17804672000.0;18922286000.0
1970;fra;wsm;169000.0;0.0
1970;fra;xxb;812000.0;0.0
1970;fra;xxe;1480000.0;124000.0
1970;fra;xxh;1048000.0;4005000.0
1970;fra;yar;2562000.0;126000.0
1970;fra;ymd;1713000.0;1924000.0
1970;fra;yug;109885000.0;50050000.0
1970;fra;zaf;188979000.0;74992000.0
1970;fra;zmb;11487000.0;94470000.0
1970;fra;zwe;288000.0;62000.0
1970;gab;ago;151000.0;0.0
1970;gab;arg;0.0;38000.0
1970;gab;aus;0.0;26000.0
1970;gab;aut;680000.0;10000.0
1970;gab;bdi;20000.0;0.0
1970;gab;bel;1565000.0;2083000.0
1970;gab;ben;17000.0;14000.0
1970;gab;bfa;1000.0;0.0
1970;gab;bgr;0.0;4000.0
1970;gab;bra;0.0;5000.0
1970;gab;brb;31000.0;0.0
1970;gab;can;1283000.0;563000.0
1970;gab;che;1044000.0;172000.0
1970;gab;chn;0.0;372000.0
1970;gab;civ;3511000.0;336000.0
1970;gab;cmr;9794000.0;5401000.0
1970;gab;cod;16000.0;2000.0
1970;gab;col;6000.0;0.0
1970;gab;csk;130000.0;7000.0
1970;gab;cyp;1000.0;0.0
1970;gab;ddr;61000.0;72000.0
1970;gab;deu;17175000.0;7195000.0
1970;gab;dji;0.0;2000.0
1970;gab;dnk;781000.0;102000.0
1970;gab;dza;1120000.0;79000.0
1970;gab;egy;82000.0;15000.0
1970;gab;esp;2874000.0;1030000.0
1970;gab;eth;45000.0;0.0
1970;gab;fdr;17114000.0;7123000.0
1970;gab;fin;2000.0;55000.0
1970;gab;fio;130000.0;0.0
1970;gab;fra;86513000.0;45211000.0
1970;gab;gbr;2766000.0;2691000.0
1970;gab;glp;156000.0;0.0
1970;gab;gmb;10000.0;0.0
1970;gab;gnb;12000.0;0.0
1970;gab;gnq;146000.0;103000.0
1970;gab;grc;2129000.0;1000.0
1970;gab;guf;60000.0;0.0
1970;gab;guy;2000.0;0.0
1970;gab;hkg;0.0;134000.0
1970;gab;hti;4000.0;0.0
1970;gab;hun;105000.0;58000.0
1970;gab;ind;0.0;22000.0
1970;gab;irl;53000.0;0.0
1970;gab;irn;6000.0;21000.0
1970;gab;isl;7000.0;7000.0
1970;gab;isr;1640000.0;3000.0
1970;gab;ita;1622000.0;1863000.0
1970;gab;jam;28000.0;0.0
1970;gab;jpn;2884000.0;604000.0
1970;gab;ken;7000.0;0.0
1970;gab;khm;0.0;19000.0
1970;gab;kir;8000.0;0.0
1970;gab;kor;0.0;43000.0
1970;gab;lbn;668000.0;2000.0
1970;gab;lbr;68000.0;0.0
1970;gab;lka;0.0;2000.0
1970;gab;mar;1378000.0;715000.0
1970;gab;mdg;277000.0;7000.0
1970;gab;mex;17000.0;0.0
1970;gab;mli;5000.0;1387000.0
1970;gab;mrt;968000.0;71000.0
1970;gab;mus;2000.0;0.0
1970;gab;mwi;0.0;132000.0
1970;gab;mys;0.0;6000.0
1970;gab;naa;17825000.0;79000.0
1970;gab;ncl;132000.0;0.0
1970;gab;ner;34000.0;10000.0
1970;gab;nga;48000.0;4000.0
1970;gab;nld;7644000.0;2605000.0
1970;gab;nor;885000.0;376000.0
1970;gab;nzl;4000.0;0.0
1970;gab;pak;0.0;291000.0
1970;gab;pol;393000.0;3000.0
1970;gab;prt;0.0;101000.0
1970;gab;rou;0.0;8000.0
1970;gab;sen;4414000.0;858000.0
1970;gab;sle;1201000.0;0.0
1970;gab;spm;7000.0;0.0
1970;gab;sun;37000.0;8000.0
1970;gab;swe;1449000.0;334000.0
1970;gab;syr;75000.0;0.0
1970;gab;tcd;1471000.0;109000.0
1970;gab;tgo;30000.0;18000.0
1970;gab;tto;2350000.0;16000.0
1970;gab;tun;0.0;48000.0
1970;gab;tur;0.0;1000.0
1970;gab;twn;0.0;566000.0
1970;gab;usa;8937000.0;8978000.0
1970;gab;ven;11000.0;8000.0
1970;gab;vnm;9000.0;1000.0
1970;gab;wld;189523000.0;85183000.0
1970;gab;xxh;9000.0;0.0
1970;gab;yug;435000.0;11000.0
1970;gab;zaf;18000.0;137000.0
1970;gab;zmb;104000.0;0.0
1970;gab;zwe;1000.0;0.0
1970;gbr;afg;5305000.0;15238000.0
1970;gbr;ago;32708000.0;21407000.0
1970;gbr;alb;398000.0;6000.0
1970;gbr;are;51466000.0;73861000.0
1970;gbr;arg;92464000.0;154294000.0
1970;gbr;aus;959080000.0;622188000.0
1970;gbr;aut;240449000.0;181314000.0
1970;gbr;bdi;628000.0;469000.0
1970;gbr;bel;660050000.0;420101000.0
1970;gbr;ben;3414000.0;667000.0
1970;gbr;bfa;702000.0;564000.0
1970;gbr;bgr;25949000.0;19652000.0
1970;gbr;bhr;52302000.0;3721000.0
1970;gbr;bhs;23725000.0;6584000.0
1970;gbr;blz;8256000.0;5627000.0
1970;gbr;bmu;24982000.0;37021000.0
1970;gbr;bol;7898000.0;67661000.0
1970;gbr;bra;158331000.0;145166000.0
1970;gbr;brb;35508000.0;16400000.0
1970;gbr;caf;906000.0;524000.0
1970;gbr;can;706968000.0;1592647000.0
1970;gbr;che;502932000.0;464426000.0
1970;gbr;chl;58012000.0;155029000.0
1970;gbr;chn;101459000.0;71372000.0
1970;gbr;civ;9657000.0;21628000.0
1970;gbr;cmr;8990000.0;4639000.0
1970;gbr;cod;38713000.0;10941000.0
1970;gbr;cog;1467000.0;3659000.0
1970;gbr;col;36276000.0;6427000.0
1970;gbr;cri;15462000.0;874000.0
1970;gbr;csk;47925000.0;52411000.0
1970;gbr;cub;47600000.0;13488000.0
1970;gbr;cyp;58936000.0;49023000.0
1970;gbr;ddr;40200000.0;37970000.0
1970;gbr;deu;1165315000.0;1337193000.0
1970;gbr;dji;3224000.0;69000.0
1970;gbr;dnk;608934000.0;662775000.0
1970;gbr;dom;8213000.0;2024000.0
1970;gbr;dza;40157000.0;50794000.0
1970;gbr;ecu;11056000.0;1405000.0
1970;gbr;egy;30935000.0;23380000.0
1970;gbr;esp;333178000.0;302353000.0
1970;gbr;eth;12790000.0;4702000.0
1970;gbr;fdr;1125115000.0;1299223000.0
1970;gbr;fin;346354000.0;466493000.0
1970;gbr;fio;1571000.0;141000.0
1970;gbr;fji;17983000.0;24463000.0
1970;gbr;flk;807000.0;1451000.0
1970;gbr;fra;864205000.0;865007000.0
1970;gbr;gab;2691000.0;2766000.0
1970;gbr;gha;96587000.0;83651000.0
1970;gbr;gib;11673000.0;1584000.0
1970;gbr;gin;2823000.0;2491000.0
1970;gbr;glp;2052000.0;129000.0
1970;gbr;gmb;5652000.0;9930000.0
1970;gbr;gnb;2802000.0;27000.0
1970;gbr;gnq;2395000.0;86000.0
1970;gbr;grc;168801000.0;30015000.0
1970;gbr;grl;192000.0;339000.0
1970;gbr;gtm;10392000.0;1691000.0
1970;gbr;guf;1067000.0;59000.0
1970;gbr;guy;41510000.0;29740000.0
1970;gbr;hkg;250346000.0;300329000.0
1970;gbr;hnd;5933000.0;626000.0
1970;gbr;hti;2270000.0;347000.0
1970;gbr;hun;44777000.0;25348000.0
1970;gbr;idn;27934000.0;17419000.0
1970;gbr;ind;140327000.0;249818000.0
1970;gbr;irl;837146000.0;770773000.0
1970;gbr;irn;164333000.0;175060000.0
1970;gbr;irq;55355000.0;44927000.0
1970;gbr;isl;22317000.0;21479000.0
1970;gbr;isr;228239000.0;94407000.0
1970;gbr;ita;565693000.0;594385000.0
1970;gbr;jam;87917000.0;65952000.0
1970;gbr;jor;24687000.0;516000.0
1970;gbr;jpn;395207000.0;317178000.0
1970;gbr;ken;117927000.0;63493000.0
1970;gbr;khm;2153000.0;788000.0
1970;gbr;kir;2991000.0;1031000.0
1970;gbr;kna;35836000.0;27083000.0
1970;gbr;kor;32796000.0;14954000.0
1970;gbr;kwt;73916000.0;396938000.0
1970;gbr;lao;2806000.0;7000.0
1970;gbr;lbn;42041000.0;6220000.0
1970;gbr;lbr;11056000.0;22957000.0
1970;gbr;lby;52015000.0;400501000.0
1970;gbr;lka;54479000.0;87722000.0
1970;gbr;mac;49000.0;37000.0
1970;gbr;mar;31780000.0;38676000.0
1970;gbr;mdg;3013000.0;3212000.0
1970;gbr;mex;71492000.0;14676000.0
1970;gbr;mli;760000.0;4000.0
1970;gbr;mlt;66992000.0;13816000.0
1970;gbr;mmr;14907000.0;10235000.0
1970;gbr;mng;5000.0;0.0
1970;gbr;moz;30938000.0;13939000.0
1970;gbr;mrt;4921000.0;20605000.0
1970;gbr;mus;15817000.0;53983000.0
1970;gbr;mwi;22780000.0;26335000.0
1970;gbr;mys;188475000.0;111790000.0
1970;gbr;naa;17809000.0;31530000.0
1970;gbr;ncl;6193000.0;19000.0
1970;gbr;ner;1307000.0;53000.0
1970;gbr;nga;324554000.0;296192000.0
1970;gbr;nic;6832000.0;1107000.0
1970;gbr;nld;723550000.0;1085352000.0
1970;gbr;nor;455773000.0;445992000.0
1970;gbr;npl;3997000.0;2054000.0
1970;gbr;nzl;339368000.0;488489000.0
1970;gbr;omn;15838000.0;18749000.0
1970;gbr;pak;119907000.0;82495000.0
1970;gbr;pan;9034000.0;4413000.0
1970;gbr;per;26840000.0;31675000.0
1970;gbr;phl;51420000.0;13851000.0
1970;gbr;png;7167000.0;19773000.0
1970;gbr;pol;135142000.0;151243000.0
1970;gbr;prk;506000.0;1624000.0
1970;gbr;prt;221853000.0;162258000.0
1970;gbr;pry;6242000.0;4878000.0
1970;gbr;qat;16316000.0;73356000.0
1970;gbr;rou;68124000.0;55620000.0
1970;gbr;rwa;622000.0;2339000.0
1970;gbr;sau;78098000.0;248970000.0
1970;gbr;sdn;51484000.0;5371000.0
1970;gbr;sen;2694000.0;5063000.0
1970;gbr;sgp;185982000.0;79782000.0
1970;gbr;shn;1539000.0;109000.0
1970;gbr;sle;28190000.0;10493000.0
1970;gbr;slv;6250000.0;782000.0
1970;gbr;som;2805000.0;118000.0
1970;gbr;spm;197000.0;1000.0
1970;gbr;sun;233687000.0;266138000.0
1970;gbr;sur;7291000.0;1722000.0
1970;gbr;swe;966757000.0;872228000.0
1970;gbr;syc;2826000.0;119000.0
1970;gbr;syr;14155000.0;1172000.0
1970;gbr;tcd;1273000.0;97000.0
1970;gbr;tgo;8715000.0;98000.0
1970;gbr;tha;96847000.0;13214000.0
1970;gbr;tto;72082000.0;46335000.0
1970;gbr;tun;8668000.0;5968000.0
1970;gbr;tur;88075000.0;21154000.0
1970;gbr;twn;25935000.0;14319000.0
1970;gbr;tza;57695000.0;36180000.0
1970;gbr;uga;43399000.0;40614000.0
1970;gbr;ury;15048000.0;20526000.0
1970;gbr;usa;2200375000.0;2755454000.0
1970;gbr;ven;84667000.0;121252000.0
1970;gbr;vnm;4977000.0;1068000.0
1970;gbr;wld;20307223000.0;21724471000.0
1970;gbr;wsm;728000.0;216000.0
1970;gbr;xxa;0.0;31000.0
1970;gbr;xxb;14122000.0;118000.0
1970;gbr;xxh;812380000.0;1273772000.0
1970;gbr;yar;4260000.0;639000.0
1970;gbr;ymd;11443000.0;21944000.0
1970;gbr;yug;178607000.0;50408000.0
1970;gbr;zaf;779269000.0;441162000.0
1970;gbr;zmb;112748000.0;243303000.0
1970;gbr;zwe;858000.0;116000.0
1970;gha;ago;0.0;3000.0
1970;gha;arg;1250000.0;562000.0
1970;gha;aus;11414000.0;1030000.0
1970;gha;aut;7157000.0;1255000.0
1970;gha;bel;6695000.0;4868000.0
1970;gha;ben;54000.0;139000.0
1970;gha;bfa;476000.0;2541000.0
1970;gha;bgr;0.0;546000.0
1970;gha;bra;0.0;2448000.0
1970;gha;can;6698000.0;4541000.0
1970;gha;che;9136000.0;5122000.0
1970;gha;chn;2393000.0;6668000.0
1970;gha;civ;343000.0;691000.0
1970;gha;cmr;14000.0;8000.0
1970;gha;cod;26000.0;276000.0
1970;gha;cog;6000.0;114000.0
1970;gha;col;1000.0;144000.0
1970;gha;csk;0.0;3174000.0
1970;gha;cyp;126000.0;0.0
1970;gha;ddr;349000.0;551000.0
1970;gha;deu;47111000.0;44128000.0
1970;gha;dnk;2934000.0;4361000.0
1970;gha;dza;0.0;9000.0
1970;gha;ecu;9000.0;0.0
1970;gha;egy;2399000.0;1287000.0
1970;gha;esp;3693000.0;6079000.0
1970;gha;eth;1000.0;17000.0
1970;gha;fdr;46762000.0;43577000.0
1970;gha;fin;2114000.0;910000.0
1970;gha;fra;4026000.0;14978000.0
1970;gha;gbr;83651000.0;96587000.0
1970;gha;gin;0.0;3000.0
1970;gha;gmb;79000.0;4000.0
1970;gha;grc;2884000.0;540000.0
1970;gha;hkg;479000.0;6151000.0
1970;gha;hun;0.0;685000.0
1970;gha;idn;0.0;4000.0
1970;gha;ind;2817000.0;1881000.0
1970;gha;irl;5493000.0;196000.0
1970;gha;irn;30000.0;13000.0
1970;gha;isl;24000.0;2000.0
1970;gha;isr;594000.0;2176000.0
1970;gha;ita;15576000.0;9742000.0
1970;gha;jam;0.0;6076000.0
1970;gha;jpn;32243000.0;25253000.0
1970;gha;ken;2000.0;154000.0
1970;gha;khm;1000.0;0.0
1970;gha;kor;0.0;2160000.0
1970;gha;lbn;424000.0;1012000.0
1970;gha;lbr;119000.0;97000.0
1970;gha;lby;0.0;11000.0
1970;gha;lka;11000.0;32000.0
1970;gha;mar;243000.0;1653000.0
1970;gha;mex;0.0;37000.0
1970;gha;mli;202000.0;3963000.0
1970;gha;mlt;234000.0;4000.0
1970;gha;mmr;0.0;16000.0
1970;gha;moz;5000.0;0.0
1970;gha;mrt;0.0;39000.0
1970;gha;mus;5000.0;0.0
1970;gha;mys;947000.0;76000.0
1970;gha;naa;2000.0;230000.0
1970;gha;ner;183000.0;970000.0
1970;gha;nga;443000.0;2544000.0
1970;gha;nic;0.0;926000.0
1970;gha;nld;14299000.0;16268000.0
1970;gha;nor;7881000.0;8212000.0
1970;gha;nzl;4832000.0;372000.0
1970;gha;pak;14000.0;1674000.0
1970;gha;pan;0.0;265000.0
1970;gha;per;21000.0;44000.0
1970;gha;phl;279000.0;0.0
1970;gha;pol;2076000.0;2164000.0
1970;gha;prk;0.0;45000.0
1970;gha;prt;0.0;12000.0
1970;gha;pry;0.0;112000.0
1970;gha;rou;636000.0;826000.0
1970;gha;sdn;0.0;163000.0
1970;gha;sen;0.0;262000.0
1970;gha;sgp;1248000.0;114000.0
1970;gha;sle;94000.0;29000.0
1970;gha;som;0.0;8000.0
1970;gha;sun;40543000.0;15749000.0
1970;gha;swe;8312000.0;2020000.0
1970;gha;tgo;2336000.0;252000.0
1970;gha;tha;59000.0;25000.0
1970;gha;tto;6000.0;94000.0
1970;gha;tun;0.0;3984000.0
1970;gha;tur;64000.0;94000.0
1970;gha;twn;0.0;9000.0
1970;gha;tza;7000.0;25000.0
1970;gha;uga;21000.0;10000.0
1970;gha;ury;0.0;43000.0
1970;gha;usa;90885000.0;74190000.0
1970;gha;ven;1000.0;7726000.0
1970;gha;wld;439992000.0;409922000.0
1970;gha;xxh;101000.0;2092000.0
1970;gha;ymd;9000.0;0.0
1970;gha;yug;11482000.0;3527000.0
1970;gha;zaf;0.0;285000.0
1970;gha;zmb;19000.0;91000.0
1970;gib;arg;0.0;206000.0
1970;gib;aut;1000.0;45000.0
1970;gib;bel;16000.0;509000.0
1970;gib;bra;0.0;4000.0
1970;gib;can;2000.0;20000.0
1970;gib;che;2000.0;930000.0
1970;gib;civ;0.0;44000.0
1970;gib;deu;41000.0;1055000.0
1970;gib;dnk;115000.0;905000.0
1970;gib;esp;1000.0;4000.0
1970;gib;fdr;41000.0;1055000.0
1970;gib;fin;0.0;26000.0
1970;gib;fra;127000.0;972000.0
1970;gib;gbr;1584000.0;11673000.0
1970;gib;grc;0.0;1000.0
1970;gib;hkg;0.0;639000.0
1970;gib;irl;0.0;58000.0
1970;gib;isr;1000.0;6000.0
1970;gib;ita;163000.0;3101000.0
1970;gib;jor;7000.0;0.0
1970;gib;jpn;25000.0;1889000.0
1970;gib;kwt;0.0;293000.0
1970;gib;lka;0.0;1000.0
1970;gib;mar;42000.0;724000.0
1970;gib;mlt;0.0;10000.0
1970;gib;naa;0.0;1158000.0
1970;gib;nld;556000.0;2901000.0
1970;gib;nor;1000.0;45000.0
1970;gib;pak;26000.0;3000.0
1970;gib;prt;41000.0;359000.0
1970;gib;sen;1000.0;0.0
1970;gib;swe;0.0;153000.0
1970;gib;tha;0.0;11000.0
1970;gib;tto;45000.0;0.0
1970;gib;tun;17000.0;316000.0
1970;gib;usa;209000.0;486000.0
1970;gib;ven;0.0;5284000.0
1970;gib;wld;3023000.0;33831000.0
1970;gin;arg;0.0;37000.0
1970;gin;aus;0.0;16000.0
1970;gin;aut;1213000.0;34000.0
1970;gin;bel;102000.0;2776000.0
1970;gin;can;191000.0;75000.0
1970;gin;che;4078000.0;1357000.0
1970;gin;cmr;5986000.0;286000.0
1970;gin;cod;26000.0;0.0
1970;gin;deu;8439000.0;3376000.0
1970;gin;dnk;3000.0;112000.0
1970;gin;egy;49000.0;774000.0
1970;gin;esp;9578000.0;1119000.0
1970;gin;fdr;8439000.0;3376000.0
1970;gin;fin;386000.0;49000.0
1970;gin;fra;1674000.0;18718000.0
1970;gin;gbr;2491000.0;2823000.0
1970;gin;gha;3000.0;0.0
1970;gin;grc;320000.0;27000.0
1970;gin;ind;56000.0;60000.0
1970;gin;irl;10000.0;56000.0
1970;gin;isr;30000.0;8000.0
1970;gin;ita;1265000.0;7003000.0
1970;gin;jpn;0.0;444000.0
1970;gin;kor;0.0;70000.0
1970;gin;kwt;7000.0;1000.0
1970;gin;lbn;103000.0;5000.0
1970;gin;lbr;117000.0;430000.0
1970;gin;mar;0.0;20000.0
1970;gin;mdg;0.0;2000.0
1970;gin;mli;42000.0;235000.0
1970;gin;naa;0.0;101000.0
1970;gin;nga;17000.0;7000.0
1970;gin;nld;95000.0;1287000.0
1970;gin;nor;16958000.0;14000.0
1970;gin;pak;0.0;697000.0
1970;gin;phl;16000.0;5000.0
1970;gin;sen;40000.0;631000.0
1970;gin;swe;3000.0;125000.0
1970;gin;twn;7000.0;57000.0
1970;gin;usa;9218000.0;7141000.0
1970;gin;wld;63808000.0;52529000.0
1970;gin;yug;1285000.0;2551000.0
1970;glp;afg;0.0;6000.0
1970;glp;arg;0.0;1012000.0
1970;glp;aus;1000.0;308000.0
1970;glp;aut;1000.0;30000.0
1970;glp;bel;166000.0;3151000.0
1970;glp;bgr;0.0;2000.0
1970;glp;bmu;0.0;92000.0
1970;glp;bra;0.0;66000.0
1970;glp;brb;19000.0;216000.0
1970;glp;caf;0.0;10000.0
1970;glp;can;6000.0;392000.0
1970;glp;che;92000.0;771000.0
1970;glp;chl;0.0;14000.0
1970;glp;chn;0.0;9000.0
1970;glp;civ;0.0;354000.0
1970;glp;cmr;0.0;7000.0
1970;glp;cod;0.0;73000.0
1970;glp;cog;0.0;5000.0
1970;glp;col;26000.0;3532000.0
1970;glp;cri;0.0;6000.0
1970;glp;csk;0.0;19000.0
1970;glp;cub;300000.0;727000.0
1970;glp;ddr;0.0;10000.0
1970;glp;deu;1498000.0;8878000.0
1970;glp;dji;1000.0;0.0
1970;glp;dnk;4000.0;1239000.0
1970;glp;dom;1000.0;157000.0
1970;glp;dza;282000.0;460000.0
1970;glp;egy;0.0;5000.0
1970;glp;esp;121000.0;404000.0
1970;glp;fdr;1498000.0;8868000.0
1970;glp;fin;0.0;7000.0
1970;glp;fio;0.0;2000.0
1970;glp;fra;76702000.0;199250000.0
1970;glp;gab;0.0;156000.0
1970;glp;gbr;129000.0;2052000.0
1970;glp;glp;1391000.0;1391000.0
1970;glp;gnb;6000.0;0.0
1970;glp;gnq;0.0;1000.0
1970;glp;grc;40000.0;0.0
1970;glp;gtm;0.0;6000.0
1970;glp;guf;568000.0;545000.0
1970;glp;guy;1000.0;355000.0
1970;glp;hkg;0.0;153000.0
1970;glp;hnd;0.0;896000.0
1970;glp;hti;52000.0;75000.0
1970;glp;hun;0.0;23000.0
1970;glp;idn;0.0;1000.0
1970;glp;ind;0.0;13000.0
1970;glp;irl;0.0;9000.0
1970;glp;irn;0.0;7000.0
1970;glp;isr;0.0;1000.0
1970;glp;ita;699000.0;6541000.0
1970;glp;jam;6000.0;467000.0
1970;glp;jpn;4000.0;510000.0
1970;glp;khm;1000.0;0.0
1970;glp;lbn;0.0;5000.0
1970;glp;lka;0.0;1000.0
1970;glp;mar;0.0;1207000.0
1970;glp;mdg;2000.0;322000.0
1970;glp;mex;0.0;46000.0
1970;glp;mlt;1000.0;4000.0
1970;glp;naa;3000.0;6753000.0
1970;glp;ncl;67000.0;0.0
1970;glp;ner;0.0;33000.0
1970;glp;nic;0.0;4000.0
1970;glp;nld;303000.0;7283000.0
1970;glp;nor;0.0;87000.0
1970;glp;nzl;0.0;297000.0
1970;glp;pak;0.0;15000.0
1970;glp;pan;11000.0;37000.0
1970;glp;per;0.0;28000.0
1970;glp;phl;0.0;2000.0
1970;glp;pol;0.0;65000.0
1970;glp;prk;0.0;2000.0
1970;glp;prt;0.0;254000.0
1970;glp;sen;0.0;27000.0
1970;glp;sgp;0.0;1000.0
1970;glp;sur;3000.0;601000.0
1970;glp;swe;84000.0;455000.0
1970;glp;tcd;2000.0;0.0
1970;glp;tha;0.0;3000.0
1970;glp;tto;20000.0;4312000.0
1970;glp;tun;787000.0;0.0
1970;glp;tur;0.0;3000.0
1970;glp;twn;6000.0;21000.0
1970;glp;ury;0.0;185000.0
1970;glp;usa;9163000.0;15172000.0
1970;glp;ven;82000.0;1754000.0
1970;glp;wld;93068000.0;273389000.0
1970;glp;xxe;0.0;1000.0
1970;glp;yug;417000.0;0.0
1970;glp;zaf;0.0;3000.0
1970;gmb;arg;0.0;2000.0
1970;gmb;aus;0.0;2000.0
1970;gmb;aut;11000.0;4000.0
1970;gmb;bel;1000.0;66000.0
1970;gmb;bgr;0.0;53000.0
1970;gmb;bra;29000.0;170000.0
1970;gmb;brb;0.0;2000.0
1970;gmb;can;433000.0;182000.0
1970;gmb;che;2585000.0;14000.0
1970;gmb;chn;0.0;1412000.0
1970;gmb;civ;0.0;102000.0
1970;gmb;csk;0.0;58000.0
1970;gmb;cub;0.0;1000.0
1970;gmb;cyp;0.0;16000.0
1970;gmb;ddr;0.0;1000.0
1970;gmb;deu;2483000.0;726000.0
1970;gmb;dnk;0.0;134000.0
1970;gmb;egy;0.0;339000.0
1970;gmb;esp;36000.0;58000.0
1970;gmb;eth;17000.0;0.0
1970;gmb;fdr;2483000.0;725000.0
1970;gmb;fin;0.0;4000.0
1970;gmb;fra;1171000.0;503000.0
1970;gmb;gab;0.0;10000.0
1970;gmb;gbr;9930000.0;5652000.0
1970;gmb;gha;4000.0;79000.0
1970;gmb;gnb;0.0;2000.0
1970;gmb;grc;60000.0;0.0
1970;gmb;hkg;0.0;430000.0
1970;gmb;hun;0.0;167000.0
1970;gmb;ind;0.0;144000.0
1970;gmb;irl;0.0;9000.0
1970;gmb;irq;0.0;218000.0
1970;gmb;isr;24000.0;154000.0
1970;gmb;ita;610000.0;258000.0
1970;gmb;jpn;0.0;2105000.0
1970;gmb;kor;0.0;2000.0
1970;gmb;lbn;0.0;3000.0
1970;gmb;lka;0.0;2000.0
1970;gmb;mar;0.0;30000.0
1970;gmb;mli;1000.0;0.0
1970;gmb;mlt;0.0;1000.0
1970;gmb;mmr;0.0;743000.0
1970;gmb;mrt;7000.0;0.0
1970;gmb;mwi;0.0;197000.0
1970;gmb;mys;0.0;14000.0
1970;gmb;naa;0.0;63000.0
1970;gmb;nga;7000.0;28000.0
1970;gmb;nld;283000.0;405000.0
1970;gmb;nor;0.0;1000.0
1970;gmb;nzl;0.0;17000.0
1970;gmb;pak;0.0;375000.0
1970;gmb;pol;0.0;600000.0
1970;gmb;prt;509000.0;4000.0
1970;gmb;rou;0.0;105000.0
1970;gmb;sen;12000.0;147000.0
1970;gmb;sle;75000.0;153000.0
1970;gmb;sun;0.0;275000.0
1970;gmb;swe;4000.0;63000.0
1970;gmb;tha;0.0;138000.0
1970;gmb;tto;0.0;1000.0
1970;gmb;twn;118000.0;111000.0
1970;gmb;usa;21000.0;428000.0
1970;gmb;wld;18431000.0;16991000.0
1970;gmb;yug;0.0;7000.0
1970;gmb;zaf;0.0;2000.0
1970;gnb;arg;0.0;2000.0
1970;gnb;aus;0.0;5000.0
1970;gnb;aut;506000.0;83000.0
1970;gnb;bel;47000.0;425000.0
1970;gnb;bhr;2000.0;0.0
1970;gnb;bra;0.0;4000.0
1970;gnb;caf;137000.0;0.0
1970;gnb;can;0.0;305000.0
1970;gnb;civ;0.0;13000.0
1970;gnb;cod;173000.0;0.0
1970;gnb;deu;1716000.0;1610000.0
1970;gnb;fdr;1716000.0;1610000.0
1970;gnb;fio;94000.0;0.0
1970;gnb;fra;74000.0;1413000.0
1970;gnb;gab;0.0;12000.0
1970;gnb;gbr;27000.0;2802000.0
1970;gnb;glp;0.0;6000.0
1970;gnb;gmb;2000.0;0.0
1970;gnb;grc;27000.0;0.0
1970;gnb;hkg;0.0;43000.0
1970;gnb;ind;0.0;1000.0
1970;gnb;irl;2000.0;12000.0
1970;gnb;isr;1591000.0;23000.0
1970;gnb;ita;185000.0;708000.0
1970;gnb;jpn;4000.0;2814000.0
1970;gnb;lbr;3000.0;0.0
1970;gnb;mlt;0.0;2000.0
1970;gnb;mwi;3000.0;315000.0
1970;gnb;naa;0.0;1319000.0
1970;gnb;ner;0.0;3000.0
1970;gnb;nga;124000.0;0.0
1970;gnb;nld;1008000.0;4071000.0
1970;gnb;nzl;0.0;1000.0
1970;gnb;pak;4000.0;2485000.0
1970;gnb;phl;0.0;163000.0
1970;gnb;prt;7610000.0;25577000.0
1970;gnb;sen;0.0;114000.0
1970;gnb;tcd;25000.0;0.0
1970;gnb;tto;0.0;13000.0
1970;gnb;usa;919000.0;1503000.0
1970;gnb;ven;0.0;738000.0
1970;gnb;wld;14283000.0;46585000.0
1970;gnq;arg;0.0;133000.0
1970;gnq;aut;0.0;3000.0
1970;gnq;bel;0.0;134000.0
1970;gnq;bhr;6000.0;0.0
1970;gnq;che;33000.0;33000.0
1970;gnq;cmr;10000.0;982000.0
1970;gnq;cog;0.0;1000.0
1970;gnq;deu;1039000.0;1205000.0
1970;gnq;dnk;0.0;3000.0
1970;gnq;esp;20380000.0;16287000.0
1970;gnq;fdr;1039000.0;1205000.0
1970;gnq;fin;0.0;3000.0
1970;gnq;fra;8000.0;1408000.0
1970;gnq;gab;103000.0;146000.0
1970;gnq;gbr;86000.0;2395000.0
1970;gnq;glp;1000.0;0.0
1970;gnq;hkg;0.0;20000.0
1970;gnq;ind;19000.0;215000.0
1970;gnq;isr;10000.0;2000.0
1970;gnq;ita;64000.0;388000.0
1970;gnq;jpn;0.0;476000.0
1970;gnq;mwi;0.0;21000.0
1970;gnq;ner;0.0;4000.0
1970;gnq;nga;22000.0;4000.0
1970;gnq;nld;2237000.0;327000.0
1970;gnq;nor;0.0;10000.0
1970;gnq;pak;0.0;5000.0
1970;gnq;prt;19000.0;2000.0
1970;gnq;sen;0.0;2000.0
1970;gnq;swe;0.0;1000.0
1970;gnq;tcd;0.0;56000.0
1970;gnq;twn;40000.0;19000.0
1970;gnq;usa;831000.0;1351000.0
1970;gnq;wld;26068000.0;25641000.0
1970;gnq;zmb;1160000.0;5000.0
1970;grc;afg;22000.0;611000.0
1970;grc;ago;2000.0;634000.0
1970;grc;alb;18000.0;23000.0
1970;grc;arg;1164000.0;41025000.0
1970;grc;aus;11897000.0;17981000.0
1970;grc;aut;13006000.0;27947000.0
1970;grc;bdi;34000.0;38000.0
1970;grc;bel;26446000.0;56423000.0
1970;grc;ben;8000.0;0.0
1970;grc;bfa;0.0;55000.0
1970;grc;bgr;14570000.0;9739000.0
1970;grc;bhr;40000.0;0.0
1970;grc;bmu;36000.0;23000.0
1970;grc;bol;14000.0;30000.0
1970;grc;bra;470000.0;12321000.0
1970;grc;brb;12000.0;0.0
1970;grc;caf;1000.0;3000.0
1970;grc;can;4784000.0;17779000.0
1970;grc;che;12445000.0;29445000.0
1970;grc;chl;7000.0;288000.0
1970;grc;chn;0.0;140000.0
1970;grc;civ;37000.0;2865000.0
1970;grc;cmr;16000.0;318000.0
1970;grc;cod;631000.0;5827000.0
1970;grc;cog;3000.0;894000.0
1970;grc;col;5000.0;513000.0
1970;grc;cri;17000.0;97000.0
1970;grc;csk;13329000.0;13042000.0
1970;grc;cub;0.0;18000.0
1970;grc;cyp;9761000.0;777000.0
1970;grc;ddr;12333000.0;6556000.0
1970;grc;deu;191814000.0;369928000.0
1970;grc;dji;34000.0;0.0
1970;grc;dnk;6538000.0;14821000.0
1970;grc;dom;5000.0;8000.0
1970;grc;dza;454000.0;1513000.0
1970;grc;ecu;0.0;228000.0
1970;grc;egy;5773000.0;4327000.0
1970;grc;esp;10859000.0;17769000.0
1970;grc;eth;395000.0;1739000.0
1970;grc;fdr;179481000.0;363372000.0
1970;grc;fin;3076000.0;19127000.0
1970;grc;fji;8000.0;7000.0
1970;grc;fra;44211000.0;142472000.0
1970;grc;gab;1000.0;2129000.0
1970;grc;gbr;30015000.0;168801000.0
1970;grc;gha;540000.0;2884000.0
1970;grc;gib;1000.0;0.0
1970;grc;gin;27000.0;320000.0
1970;grc;glp;0.0;40000.0
1970;grc;gmb;0.0;60000.0
1970;grc;gnb;0.0;27000.0
1970;grc;gtm;69000.0;0.0
1970;grc;guf;0.0;1000.0
1970;grc;guy;2000.0;7000.0
1970;grc;hkg;37000.0;2215000.0
1970;grc;hnd;3000.0;20000.0
1970;grc;hti;2000.0;51000.0
1970;grc;hun;12025000.0;9280000.0
1970;grc;idn;7000.0;384000.0
1970;grc;ind;1680000.0;1746000.0
1970;grc;irl;655000.0;981000.0
1970;grc;irn;1136000.0;32000.0
1970;grc;irq;2331000.0;39274000.0
1970;grc;isl;8000.0;868000.0
1970;grc;isr;4276000.0;9419000.0
1970;grc;ita;70288000.0;163850000.0
1970;grc;jor;1744000.0;2000.0
1970;grc;jpn;13411000.0;249633000.0
1970;grc;ken;197000.0;435000.0
1970;grc;kor;0.0;351000.0
1970;grc;kwt;1219000.0;19000.0
1970;grc;lbn;4212000.0;2967000.0
1970;grc;lbr;15000.0;8510000.0
1970;grc;lby;6476000.0;3425000.0
1970;grc;lka;1000.0;310000.0
1970;grc;mar;688000.0;6453000.0
1970;grc;mdg;7000.0;418000.0
1970;grc;mex;28000.0;487000.0
1970;grc;mli;2000.0;22000.0
1970;grc;mlt;1221000.0;425000.0
1970;grc;mmr;0.0;130000.0
1970;grc;moz;59000.0;160000.0
1970;grc;mrt;2000.0;308000.0
1970;grc;mwi;0.0;175000.0
1970;grc;mys;185000.0;3279000.0
1970;grc;naa;6000.0;66000.0
1970;grc;nga;872000.0;2540000.0
1970;grc;nic;2000.0;0.0
1970;grc;nld;24290000.0;65397000.0
1970;grc;nor;11779000.0;33492000.0
1970;grc;npl;0.0;18000.0
1970;grc;nzl;99000.0;12350000.0
1970;grc;omn;82000.0;0.0
1970;grc;pak;248000.0;1119000.0
1970;grc;pan;195000.0;711000.0
1970;grc;per;45000.0;634000.0
1970;grc;phl;103000.0;36000.0
1970;grc;pol;10754000.0;8646000.0
1970;grc;prk;0.0;3000.0
1970;grc;prt;3166000.0;2693000.0
1970;grc;pry;58000.0;818000.0
1970;grc;qat;23000.0;0.0
1970;grc;rou;8979000.0;17798000.0
1970;grc;sau;1990000.0;7166000.0
1970;grc;sdn;552000.0;1798000.0
1970;grc;sen;119000.0;179000.0
1970;grc;sgp;120000.0;251000.0
1970;grc;sle;44000.0;0.0
1970;grc;slv;104000.0;0.0
1970;grc;som;1000.0;733000.0
1970;grc;sun;34503000.0;36230000.0
1970;grc;sur;12000.0;6000.0
1970;grc;swe;15257000.0;71001000.0
1970;grc;syr;1370000.0;15206000.0
1970;grc;tcd;3000.0;24000.0
1970;grc;tgo;26000.0;248000.0
1970;grc;tha;115000.0;807000.0
1970;grc;tto;8000.0;2000.0
1970;grc;tun;705000.0;2704000.0
1970;grc;tur;179000.0;6029000.0
1970;grc;twn;913000.0;949000.0
1970;grc;tza;27000.0;1039000.0
1970;grc;uga;44000.0;306000.0
1970;grc;ury;55000.0;12204000.0
1970;grc;usa;52244000.0;115954000.0
1970;grc;ven;123000.0;130000.0
1970;grc;vnm;7000.0;0.0
1970;grc;wld;739119000.0;1958231000.0
1970;grc;xxb;73000.0;0.0
1970;grc;xxe;0.0;2000.0
1970;grc;xxh;649000.0;1482000.0
1970;grc;yar;2000.0;0.0
1970;grc;ymd;31000.0;412000.0
1970;grc;yug;41770000.0;31244000.0
1970;grc;zaf;2731000.0;7874000.0
1970;grc;zmb;129000.0;7237000.0
1970;grl;gbr;339000.0;192000.0
1970;grl;isl;24000.0;20000.0
1970;grl;jpn;287000.0;503000.0
1970;grl;kor;11000.0;3000.0
1970;grl;prt;0.0;3000.0
1970;grl;usa;1901000.0;520000.0
1970;grl;ven;0.0;5119000.0
1970;grl;wld;2562000.0;6360000.0
1970;gtm;arg;20000.0;662000.0
1970;gtm;aus;27000.0;86000.0
1970;gtm;aut;2756000.0;552000.0
1970;gtm;bel;2450000.0;4627000.0
1970;gtm;bgr;0.0;1000.0
1970;gtm;bhr;415000.0;0.0
1970;gtm;bhs;14000.0;16000.0
1970;gtm;bol;52000.0;0.0
1970;gtm;bra;45000.0;395000.0
1970;gtm;can;5713000.0;3514000.0
1970;gtm;che;8655000.0;4393000.0
1970;gtm;chl;5000.0;28000.0
1970;gtm;chn;0.0;28000.0
1970;gtm;col;1000.0;1614000.0
1970;gtm;cri;21539000.0;11213000.0
1970;gtm;csk;0.0;212000.0
1970;gtm;ddr;0.0;21000.0
1970;gtm;deu;34894000.0;26989000.0
1970;gtm;dnk;2768000.0;778000.0
1970;gtm;dom;760000.0;11000.0
1970;gtm;ecu;135000.0;87000.0
1970;gtm;egy;0.0;1000.0
1970;gtm;esp;266000.0;2681000.0
1970;gtm;eth;0.0;66000.0
1970;gtm;fdr;34894000.0;26968000.0
1970;gtm;fin;9009000.0;244000.0
1970;gtm;fra;2121000.0;4301000.0
1970;gtm;gbr;1691000.0;10392000.0
1970;gtm;glp;6000.0;0.0
1970;gtm;grc;0.0;69000.0
1970;gtm;hkg;990000.0;869000.0
1970;gtm;hnd;28516000.0;7058000.0
1970;gtm;hti;52000.0;10000.0
1970;gtm;hun;0.0;46000.0
1970;gtm;idn;0.0;17000.0
1970;gtm;ind;0.0;27000.0
1970;gtm;irl;14000.0;225000.0
1970;gtm;irn;0.0;14000.0
1970;gtm;isl;0.0;6000.0
1970;gtm;isr;92000.0;31000.0
1970;gtm;ita;11183000.0;4713000.0
1970;gtm;jam;289000.0;343000.0
1970;gtm;jor;287000.0;0.0
1970;gtm;jpn;22400000.0;29248000.0
1970;gtm;kor;25000.0;5000.0
1970;gtm;kwt;264000.0;0.0
1970;gtm;lbn;206000.0;0.0
1970;gtm;lka;0.0;85000.0
1970;gtm;mar;6000.0;0.0
1970;gtm;mdg;0.0;6000.0
1970;gtm;mex;998000.0;8602000.0
1970;gtm;mlt;0.0;24000.0
1970;gtm;mys;0.0;29000.0
1970;gtm;naa;20000.0;713000.0
1970;gtm;nic;15716000.0;7224000.0
1970;gtm;nld;3554000.0;4683000.0
1970;gtm;nor;1957000.0;260000.0
1970;gtm;npl;0.0;25000.0
1970;gtm;nzl;1000.0;15000.0
1970;gtm;pak;0.0;237000.0
1970;gtm;pan;1674000.0;477000.0
1970;gtm;per;7000.0;123000.0
1970;gtm;phl;63000.0;60000.0
1970;gtm;pol;0.0;75000.0
1970;gtm;prt;506000.0;483000.0
1970;gtm;pry;13000.0;6000.0
1970;gtm;rou;164000.0;28000.0
1970;gtm;sau;530000.0;0.0
1970;gtm;sgp;0.0;23000.0
1970;gtm;slv;40623000.0;39464000.0
1970;gtm;som;0.0;1000.0
1970;gtm;sun;0.0;7000.0
1970;gtm;swe;5328000.0;2408000.0
1970;gtm;tha;470000.0;384000.0
1970;gtm;tto;51000.0;181000.0
1970;gtm;twn;2056000.0;241000.0
1970;gtm;uga;1000.0;0.0
1970;gtm;ury;0.0;31000.0
1970;gtm;usa;87117000.0;99594000.0
1970;gtm;ven;55000.0;1153000.0
1970;gtm;wld;319782000.0;282347000.0
1970;gtm;yug;0.0;13000.0
1970;gtm;zaf;1212000.0;120000.0
1970;guf;arg;0.0;41000.0
1970;guf;aus;1000.0;6000.0
1970;guf;aut;0.0;3000.0
1970;guf;bel;191000.0;336000.0
1970;guf;bmu;0.0;4000.0
1970;guf;bra;21000.0;275000.0
1970;guf;brb;0.0;22000.0
1970;guf;can;0.0;24000.0
1970;guf;che;6000.0;73000.0
1970;guf;chl;1000.0;0.0
1970;guf;chn;0.0;13000.0
1970;guf;civ;0.0;43000.0
1970;guf;cmr;34000.0;1000.0
1970;guf;cod;4000.0;0.0
1970;guf;col;2000.0;377000.0
1970;guf;cub;2000.0;20000.0
1970;guf;deu;2000.0;761000.0
1970;guf;dnk;0.0;87000.0
1970;guf;dza;0.0;175000.0
1970;guf;esp;0.0;33000.0
1970;guf;fdr;2000.0;761000.0
1970;guf;fin;0.0;2000.0
1970;guf;fra;355000.0;31251000.0
1970;guf;gab;0.0;60000.0
1970;guf;gbr;59000.0;1067000.0
1970;guf;glp;545000.0;568000.0
1970;guf;grc;1000.0;0.0
1970;guf;guy;0.0;10000.0
1970;guf;hkg;0.0;82000.0
1970;guf;hti;0.0;1000.0
1970;guf;ind;1315000.0;1000.0
1970;guf;irl;42000.0;2000.0
1970;guf;ita;0.0;674000.0
1970;guf;jam;0.0;49000.0
1970;guf;jpn;1000.0;156000.0
1970;guf;lka;0.0;1000.0
1970;guf;mar;0.0;42000.0
1970;guf;mdg;0.0;9000.0
1970;guf;mex;0.0;1000.0
1970;guf;naa;1000.0;29000.0
1970;guf;ncl;2000.0;1000.0
1970;guf;nld;125000.0;1265000.0
1970;guf;nzl;0.0;72000.0
1970;guf;pol;0.0;6000.0
1970;guf;prt;0.0;22000.0
1970;guf;sen;0.0;17000.0
1970;guf;sun;0.0;4000.0
1970;guf;sur;62000.0;691000.0
1970;guf;swe;0.0;32000.0
1970;guf;tto;5000.0;1717000.0
1970;guf;twn;8000.0;1000.0
1970;guf;ury;0.0;60000.0
1970;guf;usa;5975000.0;4886000.0
1970;guf;ven;0.0;203000.0
1970;guf;wld;8819000.0;45279000.0
1970;guf;yug;59000.0;3000.0
1970;guy;arg;819000.0;58000.0
1970;guy;aus;673000.0;1488000.0
1970;guy;aut;11000.0;121000.0
1970;guy;bel;867000.0;1260000.0
1970;guy;bfa;2000.0;0.0
1970;guy;bgr;0.0;1000.0
1970;guy;bhs;4000.0;0.0
1970;guy;bmu;34000.0;5000.0
1970;guy;bra;364000.0;357000.0
1970;guy;brb;2155000.0;459000.0
1970;guy;can;27551000.0;12116000.0
1970;guy;che;2000.0;249000.0
1970;guy;chl;83000.0;3000.0
1970;guy;chn;0.0;105000.0
1970;guy;cmr;0.0;8000.0
1970;guy;cod;0.0;3000.0
1970;guy;col;333000.0;175000.0
1970;guy;cri;0.0;1000.0
1970;guy;csk;0.0;24000.0
1970;guy;cyp;0.0;7000.0
1970;guy;ddr;0.0;3000.0
1970;guy;deu;2672000.0;4793000.0
1970;guy;dnk;207000.0;604000.0
1970;guy;dom;201000.0;86000.0
1970;guy;egy;59000.0;46000.0
1970;guy;esp;3504000.0;338000.0
1970;guy;eth;0.0;9000.0
1970;guy;fdr;2672000.0;4790000.0
1970;guy;fin;35000.0;265000.0
1970;guy;fji;1000.0;0.0
1970;guy;fra;2270000.0;1352000.0
1970;guy;gab;0.0;2000.0
1970;guy;gbr;29740000.0;41510000.0
1970;guy;glp;355000.0;1000.0
1970;guy;grc;7000.0;2000.0
1970;guy;guf;10000.0;0.0
1970;guy;hkg;3000.0;1718000.0
1970;guy;hun;0.0;12000.0
1970;guy;idn;0.0;9000.0
1970;guy;ind;65000.0;823000.0
1970;guy;irl;968000.0;113000.0
1970;guy;irn;9000.0;13000.0
1970;guy;isr;10000.0;31000.0
1970;guy;ita;1169000.0;944000.0
1970;guy;jam;2707000.0;1911000.0
1970;guy;jpn;4389000.0;5513000.0
1970;guy;ken;0.0;23000.0
1970;guy;kna;1944000.0;268000.0
1970;guy;kor;3000.0;176000.0
1970;guy;kwt;3000.0;0.0
1970;guy;lao;0.0;1000.0
1970;guy;lbn;0.0;8000.0
1970;guy;lbr;0.0;2000.0
1970;guy;lby;4000.0;0.0
1970;guy;lka;0.0;72000.0
1970;guy;mar;206000.0;29000.0
1970;guy;mex;129000.0;322000.0
1970;guy;mlt;1000.0;1000.0
1970;guy;moz;0.0;6000.0
1970;guy;mys;0.0;25000.0
1970;guy;naa;62000.0;46000.0
1970;guy;nga;0.0;3000.0
1970;guy;nic;12000.0;0.0
1970;guy;nld;543000.0;4705000.0
1970;guy;nor;8329000.0;418000.0
1970;guy;nzl;93000.0;347000.0
1970;guy;pak;0.0;664000.0
1970;guy;pan;0.0;8000.0
1970;guy;per;27000.0;25000.0
1970;guy;pol;0.0;5000.0
1970;guy;prt;9000.0;55000.0
1970;guy;sdn;0.0;7000.0
1970;guy;sen;0.0;3000.0
1970;guy;sgp;0.0;198000.0
1970;guy;sun;0.0;493000.0
1970;guy;sur;230000.0;183000.0
1970;guy;swe;2739000.0;464000.0
1970;guy;tha;3000.0;505000.0
1970;guy;tto;5728000.0;16150000.0
1970;guy;tur;0.0;2000.0
1970;guy;twn;8000.0;330000.0
1970;guy;tza;0.0;37000.0
1970;guy;ury;0.0;1000.0
1970;guy;usa;43167000.0;31994000.0
1970;guy;ven;237000.0;65000.0
1970;guy;wld;145206000.0;134292000.0
1970;guy;xxh;15000.0;14000.0
1970;guy;yug;435000.0;58000.0
1970;guy;zmb;0.0;44000.0
1970;hkg;afg;786000.0;6000.0
1970;hkg;ago;567000.0;476000.0
1970;hkg;are;4870000.0;626000.0
1970;hkg;arg;2584000.0;5509000.0
1970;hkg;aus;65603000.0;70975000.0
1970;hkg;aut;11764000.0;3985000.0
1970;hkg;bel;17040000.0;42219000.0
1970;hkg;ben;1704000.0;196000.0
1970;hkg;bfa;246000.0;919000.0
1970;hkg;bgr;0.0;2000.0
1970;hkg;bhr;5245000.0;6181000.0
1970;hkg;bhs;483000.0;310000.0
1970;hkg;blz;703000.0;0.0
1970;hkg;bmu;573000.0;112000.0
1970;hkg;bol;674000.0;0.0
1970;hkg;bra;3205000.0;30326000.0
1970;hkg;brb;887000.0;5000.0
1970;hkg;caf;233000.0;924000.0
1970;hkg;can;75158000.0;20308000.0
1970;hkg;che;29011000.0;84577000.0
1970;hkg;chl;787000.0;12000.0
1970;hkg;chn;4977000.0;467006000.0
1970;hkg;civ;2268000.0;10000.0
1970;hkg;cmr;919000.0;2538000.0
1970;hkg;cod;6156000.0;265000.0
1970;hkg;cog;163000.0;128000.0
1970;hkg;col;121000.0;1890000.0
1970;hkg;cri;815000.0;4000.0
1970;hkg;csk;104000.0;3861000.0
1970;hkg;cub;231000.0;74000.0
1970;hkg;cyp;1011000.0;216000.0
1970;hkg;ddr;0.0;1282000.0
1970;hkg;deu;188975000.0;109620000.0
1970;hkg;dji;246000.0;2000.0
1970;hkg;dnk;22144000.0;10569000.0
1970;hkg;dom;971000.0;8000.0
1970;hkg;dza;220000.0;0.0
1970;hkg;ecu;469000.0;69000.0
1970;hkg;egy;79000.0;276000.0
1970;hkg;esp;7179000.0;3008000.0
1970;hkg;eth;1711000.0;14000.0
1970;hkg;fdr;188975000.0;108338000.0
1970;hkg;fin;6013000.0;2065000.0
1970;hkg;fio;397000.0;0.0
1970;hkg;fji;3404000.0;176000.0
1970;hkg;fra;11400000.0;33883000.0
1970;hkg;gab;134000.0;0.0
1970;hkg;gbr;300329000.0;250346000.0
1970;hkg;gha;6151000.0;479000.0
1970;hkg;gib;639000.0;0.0
1970;hkg;glp;153000.0;0.0
1970;hkg;gmb;430000.0;0.0
1970;hkg;gnb;43000.0;0.0
1970;hkg;gnq;20000.0;0.0
1970;hkg;grc;2215000.0;37000.0
1970;hkg;gtm;869000.0;990000.0
1970;hkg;guf;82000.0;0.0
1970;hkg;guy;1718000.0;3000.0
1970;hkg;hnd;425000.0;0.0
1970;hkg;hti;625000.0;3000.0
1970;hkg;hun;150000.0;491000.0
1970;hkg;idn;12721000.0;26050000.0
1970;hkg;ind;1180000.0;19385000.0
1970;hkg;irl;3258000.0;449000.0
1970;hkg;irn;2977000.0;14633000.0
1970;hkg;irq;228000.0;29000.0
1970;hkg;isl;626000.0;0.0
1970;hkg;isr;1726000.0;25338000.0
1970;hkg;ita;20139000.0;42815000.0
1970;hkg;jam;3403000.0;41000.0
1970;hkg;jor;764000.0;117000.0
1970;hkg;jpn;91815000.0;691091000.0
1970;hkg;ken;5789000.0;3450000.0
1970;hkg;khm;2839000.0;7857000.0
1970;hkg;kir;391000.0;43000.0
1970;hkg;kna;1035000.0;0.0
1970;hkg;kor;19712000.0;25687000.0
1970;hkg;kwt;13243000.0;1732000.0
1970;hkg;lao;1655000.0;214000.0
1970;hkg;lbn;2476000.0;121000.0
1970;hkg;lbr;1728000.0;13000.0
1970;hkg;lby;7399000.0;0.0
1970;hkg;lka;6414000.0;1240000.0
1970;hkg;mac;4641000.0;14192000.0
1970;hkg;mar;3489000.0;67000.0
1970;hkg;mdg;1036000.0;53000.0
1970;hkg;mex;3822000.0;1761000.0
1970;hkg;mli;28000.0;83000.0
1970;hkg;mlt;1278000.0;11000.0
1970;hkg;mmr;6560000.0;6146000.0
1970;hkg;moz;1538000.0;629000.0
1970;hkg;mrt;1000.0;0.0
1970;hkg;mus;1824000.0;95000.0
1970;hkg;mwi;1136000.0;99000.0
1970;hkg;mys;30799000.0;17520000.0
1970;hkg;naa;3350000.0;601000.0
1970;hkg;ncl;3229000.0;29000.0
1970;hkg;ner;124000.0;0.0
1970;hkg;nga;15252000.0;1443000.0
1970;hkg;nic;407000.0;1330000.0
1970;hkg;nld;36227000.0;39065000.0
1970;hkg;nor;17753000.0;2418000.0
1970;hkg;npl;203000.0;199000.0
1970;hkg;nzl;22240000.0;6163000.0
1970;hkg;omn;172000.0;0.0
1970;hkg;pak;3914000.0;36794000.0
1970;hkg;pan;3979000.0;198000.0
1970;hkg;per;1771000.0;610000.0
1970;hkg;phl;12373000.0;11799000.0
1970;hkg;png;5150000.0;7000.0
1970;hkg;pol;1000.0;2301000.0
1970;hkg;prk;12000.0;3900000.0
1970;hkg;prt;1456000.0;1386000.0
1970;hkg;pry;186000.0;109000.0
1970;hkg;qat;764000.0;0.0
1970;hkg;rou;1000.0;47000.0
1970;hkg;rwa;563000.0;0.0
1970;hkg;sau;5590000.0;21442000.0
1970;hkg;sdn;495000.0;4175000.0
1970;hkg;sen;498000.0;17000.0
1970;hkg;sgp;61570000.0;59123000.0
1970;hkg;sle;1952000.0;20000.0
1970;hkg;slv;453000.0;5000.0
1970;hkg;som;331000.0;147000.0
1970;hkg;sun;744000.0;6071000.0
1970;hkg;swe;50360000.0;8794000.0
1970;hkg;syc;249000.0;6000.0
1970;hkg;syr;189000.0;0.0
1970;hkg;tcd;193000.0;1930000.0
1970;hkg;tgo;505000.0;0.0
1970;hkg;tha;18022000.0;53537000.0
1970;hkg;tto;2655000.0;27000.0
1970;hkg;tun;43000.0;0.0
1970;hkg;tur;131000.0;707000.0
1970;hkg;twn;27397000.0;135267000.0
1970;hkg;tza;3915000.0;17795000.0
1970;hkg;uga;2357000.0;9350000.0
1970;hkg;ury;107000.0;6848000.0
1970;hkg;usa;945498000.0;382274000.0
1970;hkg;ven;9658000.0;337000.0
1970;hkg;vnm;2627000.0;4150000.0
1970;hkg;wld;2369098000.0;2905154000.0
1970;hkg;wsm;339000.0;7000.0
1970;hkg;xxb;2395000.0;109000.0
1970;hkg;xxe;8490000.0;685000.0
1970;hkg;xxh;979000.0;2262000.0
1970;hkg;yar;15000.0;0.0
1970;hkg;ymd;4283000.0;91000.0
1970;hkg;yug;825000.0;316000.0
1970;hkg;zaf;23349000.0;24471000.0
1970;hkg;zmb;10008000.0;132000.0
1970;hnd;afg;0.0;14000.0
1970;hnd;arg;0.0;115000.0
1970;hnd;aus;6000.0;2000.0
1970;hnd;aut;1857000.0;822000.0
1970;hnd;bel;1564000.0;3470000.0
1970;hnd;bgr;0.0;3000.0
1970;hnd;bhs;35000.0;6000.0
1970;hnd;bol;10000.0;1000.0
1970;hnd;bra;14000.0;298000.0
1970;hnd;brb;1095000.0;0.0
1970;hnd;can;12572000.0;2547000.0
1970;hnd;che;2154000.0;1434000.0
1970;hnd;chl;1000.0;13000.0
1970;hnd;chn;0.0;81000.0
1970;hnd;civ;0.0;6000.0
1970;hnd;col;472000.0;1039000.0
1970;hnd;cri;7087000.0;12345000.0
1970;hnd;csk;0.0;378000.0
1970;hnd;ddr;0.0;101000.0
1970;hnd;deu;28633000.0;12104000.0
1970;hnd;dnk;2041000.0;536000.0
1970;hnd;dom;4875000.0;0.0
1970;hnd;ecu;1000.0;17000.0
1970;hnd;esp;1676000.0;824000.0
1970;hnd;fdr;28633000.0;12003000.0
1970;hnd;fin;512000.0;231000.0
1970;hnd;fra;1645000.0;1204000.0
1970;hnd;gbr;626000.0;5933000.0
1970;hnd;glp;896000.0;0.0
1970;hnd;grc;20000.0;3000.0
1970;hnd;gtm;7058000.0;28516000.0
1970;hnd;hkg;0.0;425000.0
1970;hnd;hti;206000.0;0.0
1970;hnd;hun;460000.0;100000.0
1970;hnd;idn;0.0;22000.0
1970;hnd;ind;0.0;19000.0
1970;hnd;irl;24000.0;6000.0
1970;hnd;irn;0.0;29000.0
1970;hnd;isl;44000.0;1000.0
1970;hnd;isr;327000.0;22000.0
1970;hnd;ita;10690000.0;1906000.0
1970;hnd;jam;2150000.0;181000.0
1970;hnd;jor;0.0;14000.0
1970;hnd;jpn;4438000.0;17911000.0
1970;hnd;lbn;0.0;2000.0
1970;hnd;lka;0.0;59000.0
1970;hnd;mar;0.0;12000.0
1970;hnd;mdg;0.0;2000.0
1970;hnd;mex;28000.0;2793000.0
1970;hnd;mlt;0.0;2000.0
1970;hnd;mys;0.0;20000.0
1970;hnd;naa;586000.0;2403000.0
1970;hnd;nic;4919000.0;13981000.0
1970;hnd;nld;1822000.0;2992000.0
1970;hnd;nor;265000.0;130000.0
1970;hnd;nzl;15000.0;0.0
1970;hnd;pak;0.0;20000.0
1970;hnd;pan;730000.0;743000.0
1970;hnd;per;0.0;93000.0
1970;hnd;phl;832000.0;5000.0
1970;hnd;pol;1241000.0;144000.0
1970;hnd;prt;14000.0;51000.0
1970;hnd;rou;0.0;26000.0
1970;hnd;sen;1000.0;7000.0
1970;hnd;sun;0.0;2000.0
1970;hnd;sur;0.0;2000.0
1970;hnd;swe;702000.0;1655000.0
1970;hnd;tto;1648000.0;63000.0
1970;hnd;tun;152000.0;0.0
1970;hnd;tur;0.0;1000.0
1970;hnd;twn;1046000.0;69000.0
1970;hnd;tza;0.0;2000.0
1970;hnd;ury;0.0;1000.0
1970;hnd;usa;102493000.0;90695000.0
1970;hnd;ven;7000.0;10588000.0
1970;hnd;wld;212433000.0;219402000.0
1970;hnd;xxh;15000.0;231000.0
1970;hnd;yug;2463000.0;18000.0
1970;hnd;zaf;265000.0;12000.0
1970;hti;arg;0.0;96000.0
1970;hti;aus;1000.0;17000.0
1970;hti;aut;38000.0;236000.0
1970;hti;bel;3064000.0;1320000.0
1970;hti;bol;2000.0;0.0
1970;hti;bra;0.0;59000.0
1970;hti;brb;23000.0;0.0
1970;hti;can;725000.0;4723000.0
1970;hti;che;1815000.0;781000.0
1970;hti;chl;0.0;15000.0
1970;hti;civ;0.0;6000.0
1970;hti;col;0.0;158000.0
1970;hti;cri;3000.0;3000.0
1970;hti;deu;779000.0;2040000.0
1970;hti;dnk;687000.0;532000.0
1970;hti;esp;28000.0;104000.0
1970;hti;fdr;779000.0;2040000.0
1970;hti;fin;2000.0;125000.0
1970;hti;fra;4816000.0;3394000.0
1970;hti;gab;0.0;4000.0
1970;hti;gbr;347000.0;2270000.0
1970;hti;glp;75000.0;52000.0
1970;hti;grc;51000.0;2000.0
1970;hti;gtm;10000.0;52000.0
1970;hti;guf;1000.0;0.0
1970;hti;hkg;3000.0;625000.0
1970;hti;hnd;0.0;206000.0
1970;hti;ind;0.0;9000.0
1970;hti;irl;1000.0;1000.0
1970;hti;isr;1000.0;1000.0
1970;hti;ita;3531000.0;4013000.0
1970;hti;jpn;1849000.0;5734000.0
1970;hti;kor;0.0;25000.0
1970;hti;mar;47000.0;2000.0
1970;hti;mex;0.0;510000.0
1970;hti;naa;20000.0;1822000.0
1970;hti;nic;0.0;292000.0
1970;hti;nld;389000.0;1472000.0
1970;hti;nor;461000.0;189000.0
1970;hti;pak;1000.0;168000.0
1970;hti;pan;2000.0;6000.0
1970;hti;per;2000.0;8000.0
1970;hti;phl;0.0;1000.0
1970;hti;prt;1000.0;19000.0
1970;hti;slv;9000.0;0.0
1970;hti;swe;100000.0;245000.0
1970;hti;tha;0.0;2000.0
1970;hti;tto;15000.0;259000.0
1970;hti;tur;2000.0;8000.0
1970;hti;usa;32214000.0;33710000.0
1970;hti;ven;33000.0;109000.0
1970;hti;wld;51148000.0;65480000.0
1970;hti;yug;0.0;55000.0
1970;hun;afg;4000.0;0.0
1970;hun;arg;809000.0;8109000.0
1970;hun;aus;3073000.0;1744000.0
1970;hun;aut;59561000.0;76032000.0
1970;hun;bel;10372000.0;19412000.0
1970;hun;ben;294000.0;0.0
1970;hun;bfa;35000.0;0.0
1970;hun;bhr;104000.0;0.0
1970;hun;bol;75000.0;48000.0
1970;hun;bra;5289000.0;18093000.0
1970;hun;brb;75000.0;0.0
1970;hun;caf;15000.0;0.0
1970;hun;can;8801000.0;6706000.0
1970;hun;che;32160000.0;24222000.0
1970;hun;chl;59000.0;0.0
1970;hun;civ;654000.0;689000.0
1970;hun;cmr;721000.0;0.0
1970;hun;cod;527000.0;11000.0
1970;hun;cog;76000.0;24000.0
1970;hun;col;628000.0;2828000.0
1970;hun;cri;167000.0;112000.0
1970;hun;deu;133392000.0;139903000.0
1970;hun;dnk;13573000.0;11193000.0
1970;hun;ecu;541000.0;3078000.0
1970;hun;egy;10721000.0;17335000.0
1970;hun;esp;5511000.0;9001000.0
1970;hun;eth;654000.0;0.0
1970;hun;fdr;133392000.0;139903000.0
1970;hun;fin;11137000.0;9949000.0
1970;hun;fji;6000.0;0.0
1970;hun;fra;27084000.0;46587000.0
1970;hun;gab;58000.0;105000.0
1970;hun;gbr;25348000.0;44777000.0
1970;hun;gha;685000.0;0.0
1970;hun;glp;23000.0;0.0
1970;hun;gmb;167000.0;0.0
1970;hun;grc;9280000.0;12025000.0
1970;hun;gtm;46000.0;0.0
1970;hun;guy;12000.0;0.0
1970;hun;hkg;491000.0;150000.0
1970;hun;hnd;100000.0;460000.0
1970;hun;idn;0.0;85000.0
1970;hun;ind;20052000.0;17763000.0
1970;hun;irl;682000.0;1664000.0
1970;hun;irn;14438000.0;13754000.0
1970;hun;isl;54000.0;1223000.0
1970;hun;isr;4309000.0;6336000.0
1970;hun;ita;121828000.0;92143000.0
1970;hun;jor;1364000.0;0.0
1970;hun;jpn;4209000.0;11716000.0
1970;hun;ken;792000.0;270000.0
1970;hun;kwt;3662000.0;11000.0
1970;hun;lao;1000.0;0.0
1970;hun;lbn;7154000.0;561000.0
1970;hun;lbr;336000.0;0.0
1970;hun;lby;4079000.0;0.0
1970;hun;lka;2409000.0;342000.0
1970;hun;mar;1377000.0;3487000.0
1970;hun;mdg;27000.0;29000.0
1970;hun;mex;590000.0;1031000.0
1970;hun;mlt;723000.0;0.0
1970;hun;mmr;114000.0;0.0
1970;hun;mrt;1000.0;0.0
1970;hun;mus;58000.0;0.0
1970;hun;mys;104000.0;66000.0
1970;hun;naa;14000.0;0.0
1970;hun;ner;238000.0;0.0
1970;hun;nga;7436000.0;2281000.0
1970;hun;nic;5000.0;0.0
1970;hun;nld;23189000.0;32063000.0
1970;hun;nor;5897000.0;4523000.0
1970;hun;nzl;192000.0;851000.0
1970;hun;pak;6719000.0;4499000.0
1970;hun;pan;175000.0;0.0
1970;hun;per;113000.0;3992000.0
1970;hun;prt;176000.0;463000.0
1970;hun;pry;56000.0;0.0
1970;hun;sdn;3966000.0;4343000.0
1970;hun;sen;69000.0;187000.0
1970;hun;sgp;329000.0;117000.0
1970;hun;slv;33000.0;1957000.0
1970;hun;som;38000.0;0.0
1970;hun;swe;23002000.0;23722000.0
1970;hun;tcd;218000.0;0.0
1970;hun;tgo;198000.0;0.0
1970;hun;tha;325000.0;0.0
1970;hun;tto;152000.0;0.0
1970;hun;tun;369000.0;28000.0
1970;hun;tur;10792000.0;16365000.0
1970;hun;tza;547000.0;1000.0
1970;hun;uga;292000.0;4553000.0
1970;hun;usa;6231000.0;28139000.0
1970;hun;ven;200000.0;0.0
1970;hun;wld;691814000.0;782225000.0
1970;hun;xxb;2000.0;0.0
1970;hun;yug;49094000.0;47805000.0
1970;hun;zmb;1056000.0;3262000.0
1970;idn;arg;10000.0;29000.0
1970;idn;aus;38757000.0;37002000.0
1970;idn;aut;1796000.0;2936000.0
1970;idn;bel;22486000.0;8780000.0
1970;idn;bfa;10000.0;0.0
1970;idn;bhr;32000.0;2000.0
1970;idn;bol;0.0;1000.0
1970;idn;bra;0.0;320000.0
1970;idn;brb;21000.0;0.0
1970;idn;can;604000.0;16047000.0
1970;idn;che;10700000.0;7914000.0
1970;idn;chl;49000.0;0.0
1970;idn;chn;38000.0;0.0
1970;idn;civ;9000.0;0.0
1970;idn;cmr;11000.0;0.0
1970;idn;cod;2000.0;0.0
1970;idn;col;73000.0;1000.0
1970;idn;cri;10000.0;0.0
1970;idn;csk;284000.0;0.0
1970;idn;cyp;15000.0;0.0
1970;idn;deu;99664000.0;89083000.0
1970;idn;dnk;14569000.0;2795000.0
1970;idn;ecu;1000.0;0.0
1970;idn;egy;4000.0;774000.0
1970;idn;esp;5090000.0;225000.0
1970;idn;eth;1000.0;5000.0
1970;idn;fdr;99664000.0;89083000.0
1970;idn;fin;1252000.0;665000.0
1970;idn;fio;2000.0;0.0
1970;idn;fji;23000.0;0.0
1970;idn;fra;22808000.0;16180000.0
1970;idn;gbr;17419000.0;27934000.0
1970;idn;gha;4000.0;0.0
1970;idn;glp;1000.0;0.0
1970;idn;grc;384000.0;7000.0
1970;idn;gtm;17000.0;0.0
1970;idn;guy;9000.0;0.0
1970;idn;hkg;26050000.0;12721000.0
1970;idn;hnd;22000.0;0.0
1970;idn;hun;85000.0;0.0
1970;idn;ind;337000.0;5898000.0
1970;idn;irl;780000.0;68000.0
1970;idn;irn;57000.0;0.0
1970;idn;irq;10000.0;0.0
1970;idn;isl;29000.0;1000.0
1970;idn;isr;33000.0;0.0
1970;idn;ita;19624000.0;20026000.0
1970;idn;jor;239000.0;0.0
1970;idn;jpn;636605000.0;316348000.0
1970;idn;ken;46000.0;15000.0
1970;idn;khm;38000.0;0.0
1970;idn;kor;19834000.0;2699000.0
1970;idn;kwt;49000.0;2581000.0
1970;idn;lao;17391000.0;38000.0
1970;idn;lbn;6000.0;3000.0
1970;idn;lbr;4000.0;0.0
1970;idn;lby;3000.0;0.0
1970;idn;lka;3088000.0;89000.0
1970;idn;mar;960000.0;0.0
1970;idn;mdg;25000.0;41000.0
1970;idn;mex;8000.0;2000.0
1970;idn;mlt;219000.0;0.0
1970;idn;mmr;40000.0;7715000.0
1970;idn;mus;32000.0;0.0
1970;idn;mwi;4000.0;0.0
1970;idn;mys;67748000.0;13608000.0
1970;idn;naa;3609000.0;1590000.0
1970;idn;ner;4000.0;0.0
1970;idn;nga;146000.0;7000.0
1970;idn;nld;48131000.0;38204000.0
1970;idn;nor;1804000.0;1195000.0
1970;idn;nzl;1327000.0;674000.0
1970;idn;omn;2217000.0;0.0
1970;idn;pak;4061000.0;7226000.0
1970;idn;pan;6000.0;0.0
1970;idn;per;880000.0;0.0
1970;idn;phl;29556000.0;1581000.0
1970;idn;pol;2024000.0;0.0
1970;idn;prk;126000.0;0.0
1970;idn;prt;1720000.0;1897000.0
1970;idn;sau;355000.0;0.0
1970;idn;sen;11000.0;0.0
1970;idn;sgp;390000.0;910000.0
1970;idn;som;27000.0;0.0
1970;idn;sun;23480000.0;0.0
1970;idn;sur;5000.0;0.0
1970;idn;swe;2817000.0;3487000.0
1970;idn;syr;3000.0;0.0
1970;idn;tha;19248000.0;16048000.0
1970;idn;tto;14554000.0;2000.0
1970;idn;tun;58000.0;103000.0
1970;idn;tur;12000.0;0.0
1970;idn;twn;11880000.0;32565000.0
1970;idn;tza;5000.0;202000.0
1970;idn;uga;1000.0;21000.0
1970;idn;usa;182422000.0;258367000.0
1970;idn;ven;180000.0;69000.0
1970;idn;vnm;949000.0;7000.0
1970;idn;wld;1385564000.0;958312000.0
1970;idn;xxb;156000.0;0.0
1970;idn;xxh;2871000.0;0.0
1970;idn;yug;877000.0;1604000.0
1970;idn;zmb;131000.0;0.0
1970;ind;afg;12703000.0;11338000.0
1970;ind;ago;10000.0;313000.0
1970;ind;alb;1000.0;0.0
1970;ind;are;5211000.0;54000.0
1970;ind;arg;2761000.0;5479000.0
1970;ind;aus;34679000.0;47879000.0
1970;ind;aut;2841000.0;3206000.0
1970;ind;bdi;24000.0;0.0
1970;ind;bel;32373000.0;12788000.0
1970;ind;ben;3000.0;144000.0
1970;ind;bfa;172000.0;0.0
1970;ind;bgr;9633000.0;16940000.0
1970;ind;bhr;7018000.0;232000.0
1970;ind;bhs;70000.0;0.0
1970;ind;bmu;50000.0;0.0
1970;ind;bol;392000.0;1778000.0
1970;ind;bra;413000.0;5214000.0
1970;ind;brb;351000.0;0.0
1970;ind;caf;24000.0;8000.0
1970;ind;can;38128000.0;147441000.0
1970;ind;che;13369000.0;15644000.0
1970;ind;chl;78000.0;129000.0
1970;ind;civ;1012000.0;328000.0
1970;ind;cmr;173000.0;4000.0
1970;ind;cod;179000.0;28930000.0
1970;ind;cog;84000.0;1309000.0
1970;ind;col;236000.0;1590000.0
1970;ind;cri;154000.0;0.0
1970;ind;csk;36376000.0;28474000.0
1970;ind;cyp;1497000.0;0.0
1970;ind;ddr;29795000.0;28455000.0
1970;ind;deu;99866000.0;163991000.0
1970;ind;dnk;7272000.0;3922000.0
1970;ind;dom;197000.0;1000.0
1970;ind;dza;976000.0;824000.0
1970;ind;ecu;168000.0;0.0
1970;ind;egy;62475000.0;48384000.0
1970;ind;esp;6573000.0;1743000.0
1970;ind;eth;3039000.0;0.0
1970;ind;fdr;70071000.0;135536000.0
1970;ind;fin;1097000.0;3402000.0
1970;ind;fio;65000.0;0.0
1970;ind;fji;1902000.0;0.0
1970;ind;fra;40113000.0;23126000.0
1970;ind;gab;22000.0;0.0
1970;ind;gbr;249818000.0;140327000.0
1970;ind;gha;1881000.0;2817000.0
1970;ind;gin;60000.0;56000.0
1970;ind;glp;13000.0;0.0
1970;ind;gmb;144000.0;0.0
1970;ind;gnb;1000.0;0.0
1970;ind;gnq;215000.0;19000.0
1970;ind;grc;1746000.0;1680000.0
1970;ind;gtm;27000.0;0.0
1970;ind;guf;1000.0;1315000.0
1970;ind;guy;823000.0;65000.0
1970;ind;hkg;19385000.0;1180000.0
1970;ind;hnd;19000.0;0.0
1970;ind;hti;9000.0;0.0
1970;ind;hun;17763000.0;20052000.0
1970;ind;idn;5898000.0;337000.0
1970;ind;irl;8905000.0;112000.0
1970;ind;irn;43466000.0;111593000.0
1970;ind;irq;11998000.0;5116000.0
1970;ind;isl;209000.0;0.0
1970;ind;isr;611000.0;175000.0
1970;ind;ita;27792000.0;38256000.0
1970;ind;jam;392000.0;4000.0
1970;ind;jor;4576000.0;1505000.0
1970;ind;jpn;390092000.0;96832000.0
1970;ind;ken;8595000.0;9186000.0
1970;ind;khm;57000.0;0.0
1970;ind;kir;64000.0;0.0
1970;ind;kor;6073000.0;1110000.0
1970;ind;kwt;23345000.0;7685000.0
1970;ind;lao;209000.0;0.0
1970;ind;lbn;2077000.0;47000.0
1970;ind;lbr;613000.0;54000.0
1970;ind;lby;2423000.0;1000.0
1970;ind;lka;33265000.0;3743000.0
1970;ind;mar;1872000.0;8709000.0
1970;ind;mdg;237000.0;236000.0
1970;ind;mex;1143000.0;956000.0
1970;ind;mli;1000.0;0.0
1970;ind;mlt;413000.0;2000.0
1970;ind;mmr;27781000.0;9556000.0
1970;ind;moz;712000.0;19969000.0
1970;ind;mrt;5000.0;0.0
1970;ind;mus;2280000.0;86000.0
1970;ind;mwi;1022000.0;93000.0
1970;ind;mys;20913000.0;5428000.0
1970;ind;naa;160000.0;203000.0
1970;ind;ncl;10000.0;0.0
1970;ind;ner;7000.0;0.0
1970;ind;nga;8491000.0;15000.0
1970;ind;nic;11000.0;0.0
1970;ind;nld;18155000.0;19530000.0
1970;ind;nor;3292000.0;2423000.0
1970;ind;npl;37785000.0;14760000.0
1970;ind;nzl;8785000.0;1786000.0
1970;ind;omn;2281000.0;74000.0
1970;ind;pak;35000.0;0.0
1970;ind;pan;582000.0;2000.0
1970;ind;per;578000.0;1428000.0
1970;ind;phl;2833000.0;1327000.0
1970;ind;png;112000.0;0.0
1970;ind;pol;27751000.0;34876000.0
1970;ind;prk;652000.0;0.0
1970;ind;prt;389000.0;12000.0
1970;ind;pry;100000.0;1000.0
1970;ind;qat;10442000.0;936000.0
1970;ind;rou;17393000.0;19114000.0
1970;ind;rwa;43000.0;0.0
1970;ind;sau;20562000.0;22088000.0
1970;ind;sdn;40856000.0;34777000.0
1970;ind;sen;305000.0;279000.0
1970;ind;sgp;22578000.0;2058000.0
1970;ind;sle;1572000.0;447000.0
1970;ind;slv;5000.0;0.0
1970;ind;som;576000.0;2000.0
1970;ind;sun;271078000.0;164953000.0
1970;ind;sur;89000.0;0.0
1970;ind;swe;9098000.0;12469000.0
1970;ind;syr;2579000.0;8000.0
1970;ind;tcd;55000.0;0.0
1970;ind;tgo;119000.0;0.0
1970;ind;tha;10099000.0;3932000.0
1970;ind;tto;1326000.0;1000.0
1970;ind;tun;2331000.0;0.0
1970;ind;tur;1001000.0;516000.0
1970;ind;twn;5525000.0;425000.0
1970;ind;tza;7684000.0;20812000.0
1970;ind;uga;4659000.0;10368000.0
1970;ind;ury;850000.0;93000.0
1970;ind;usa;298237000.0;608170000.0
1970;ind;ven;380000.0;19000.0
1970;ind;vnm;1225000.0;0.0
1970;ind;wld;2240165000.0;2094002000.0
1970;ind;wsm;59000.0;0.0
1970;ind;xxb;310000.0;0.0
1970;ind;xxe;12000.0;0.0
1970;ind;yar;80000.0;20000.0
1970;ind;ymd;7479000.0;3177000.0
1970;ind;yug;42718000.0;9354000.0
1970;ind;zaf;383000.0;466000.0
1970;ind;zmb;3724000.0;40164000.0
1970;irl;afg;2000.0;6000.0
1970;irl;ago;9000.0;46000.0
1970;irl;alb;0.0;1000.0
1970;irl;are;135000.0;0.0
1970;irl;arg;687000.0;9467000.0
1970;irl;aus;6191000.0;9069000.0
1970;irl;aut;1821000.0;3359000.0
1970;irl;bdi;0.0;3000.0
1970;irl;bel;27853000.0;23368000.0
1970;irl;bfa;2000.0;0.0
1970;irl;bgr;16000.0;742000.0
1970;irl;bhr;35000.0;0.0
1970;irl;bhs;270000.0;306000.0
1970;irl;blz;17000.0;0.0
1970;irl;bmu;244000.0;75000.0
1970;irl;bol;15000.0;23000.0
1970;irl;bra;462000.0;4423000.0
1970;irl;brb;459000.0;1045000.0
1970;irl;caf;7000.0;2000.0
1970;irl;can;12596000.0;25185000.0
1970;irl;che;9109000.0;11102000.0
1970;irl;chl;656000.0;471000.0
1970;irl;chn;21000.0;2041000.0
1970;irl;civ;33000.0;1015000.0
1970;irl;cmr;259000.0;9000.0
1970;irl;cod;226000.0;52000.0
1970;irl;cog;16000.0;207000.0
1970;irl;col;355000.0;2236000.0
1970;irl;cri;24000.0;180000.0
1970;irl;csk;755000.0;3305000.0
1970;irl;cub;23000.0;676000.0
1970;irl;cyp;711000.0;901000.0
1970;irl;ddr;65000.0;1581000.0
1970;irl;deu;40483000.0;112112000.0
1970;irl;dnk;2245000.0;19637000.0
1970;irl;dom;23000.0;1188000.0
1970;irl;dza;2000.0;1558000.0
1970;irl;ecu;7000.0;1433000.0
1970;irl;egy;340000.0;186000.0
1970;irl;esp;6063000.0;10989000.0
1970;irl;eth;76000.0;2000.0
1970;irl;fdr;40418000.0;110531000.0
1970;irl;fin;1081000.0;19500000.0
1970;irl;fio;73000.0;1000.0
1970;irl;fji;9000.0;46000.0
1970;irl;flk;0.0;168000.0
1970;irl;fra;39566000.0;50763000.0
1970;irl;gab;0.0;53000.0
1970;irl;gbr;770773000.0;837146000.0
1970;irl;gha;196000.0;5493000.0
1970;irl;gib;58000.0;0.0
1970;irl;gin;56000.0;10000.0
1970;irl;glp;9000.0;0.0
1970;irl;gmb;9000.0;0.0
1970;irl;gnb;12000.0;2000.0
1970;irl;grc;981000.0;655000.0
1970;irl;gtm;225000.0;14000.0
1970;irl;guf;2000.0;42000.0
1970;irl;guy;113000.0;968000.0
1970;irl;hkg;449000.0;3258000.0
1970;irl;hnd;6000.0;24000.0
1970;irl;hti;1000.0;1000.0
1970;irl;hun;1664000.0;682000.0
1970;irl;idn;68000.0;780000.0
1970;irl;ind;112000.0;8905000.0
1970;irl;irn;246000.0;11382000.0
1970;irl;irq;110000.0;4396000.0
1970;irl;isl;79000.0;363000.0
1970;irl;isr;1182000.0;5848000.0
1970;irl;ita;15076000.0;31062000.0
1970;irl;jam;1341000.0;215000.0
1970;irl;jor;121000.0;0.0
1970;irl;jpn;11044000.0;15342000.0
1970;irl;ken;183000.0;1565000.0
1970;irl;khm;2000.0;5000.0
1970;irl;kir;4000.0;243000.0
1970;irl;kor;1000.0;857000.0
1970;irl;kwt;656000.0;17647000.0
1970;irl;lbn;1047000.0;11000.0
1970;irl;lbr;4000.0;8000.0
1970;irl;lby;637000.0;664000.0
1970;irl;lka;242000.0;2729000.0
1970;irl;mac;0.0;2000.0
1970;irl;mar;1338000.0;6559000.0
1970;irl;mdg;2000.0;4000.0
1970;irl;mex;1861000.0;303000.0
1970;irl;mli;3000.0;0.0
1970;irl;mlt;289000.0;260000.0
1970;irl;mmr;6000.0;76000.0
1970;irl;mng;0.0;42000.0
1970;irl;moz;8000.0;968000.0
1970;irl;mrt;2000.0;0.0
1970;irl;mus;143000.0;111000.0
1970;irl;mwi;26000.0;1372000.0
1970;irl;mys;276000.0;3395000.0
1970;irl;naa;22000.0;1883000.0
1970;irl;ncl;14000.0;0.0
1970;irl;ner;2000.0;0.0
1970;irl;nga;2527000.0;4076000.0
1970;irl;nic;3000.0;33000.0
1970;irl;nld;16074000.0;41962000.0
1970;irl;nor;5160000.0;7885000.0
1970;irl;nzl;452000.0;6169000.0
1970;irl;omn;6000.0;0.0
1970;irl;pak;41000.0;2335000.0
1970;irl;pan;9000.0;0.0
1970;irl;per;452000.0;2882000.0
1970;irl;phl;779000.0;683000.0
1970;irl;png;4000.0;149000.0
1970;irl;pol;5121000.0;18218000.0
1970;irl;prk;0.0;113000.0
1970;irl;prt;771000.0;5419000.0
1970;irl;pry;0.0;11000.0
1970;irl;qat;37000.0;0.0
1970;irl;rou;114000.0;1913000.0
1970;irl;rwa;0.0;69000.0
1970;irl;sau;247000.0;16503000.0
1970;irl;sdn;13000.0;158000.0
1970;irl;sen;8000.0;820000.0
1970;irl;sgp;1326000.0;247000.0
1970;irl;sle;168000.0;669000.0
1970;irl;slv;3000.0;19000.0
1970;irl;sun;49000.0;3770000.0
1970;irl;sur;42000.0;0.0
1970;irl;swe;6313000.0;26620000.0
1970;irl;syc;0.0;1000.0
1970;irl;syr;547000.0;0.0
1970;irl;tcd;1000.0;20000.0
1970;irl;tgo;0.0;7000.0
1970;irl;tha;2000.0;447000.0
1970;irl;tto;1998000.0;877000.0
1970;irl;tun;892000.0;1765000.0
1970;irl;tur;458000.0;1825000.0
1970;irl;twn;213000.0;589000.0
1970;irl;tza;43000.0;1949000.0
1970;irl;uga;31000.0;1168000.0
1970;irl;ury;212000.0;172000.0
1970;irl;usa;134952000.0;109571000.0
1970;irl;ven;747000.0;4000.0
1970;irl;vnm;79000.0;14000.0
1970;irl;wld;1166601000.0;1566577000.0
1970;irl;wsm;1000.0;133000.0
1970;irl;xxb;3000.0;0.0
1970;irl;xxe;9000.0;0.0
1970;irl;xxh;18077000.0;17244000.0
1970;irl;yar;53000.0;0.0
1970;irl;ymd;30000.0;799000.0
1970;irl;yug;1336000.0;1382000.0
1970;irl;zaf;3435000.0;5275000.0
1970;irl;zmb;85000.0;369000.0
1970;irn;afg;2784000.0;801000.0
1970;irn;ago;0.0;403000.0
1970;irn;are;3231000.0;2562000.0
1970;irn;arg;1054000.0;4209000.0
1970;irn;aus;12619000.0;19857000.0
1970;irn;aut;4512000.0;16392000.0
1970;irn;bel;76543000.0;58141000.0
1970;irn;bfa;119000.0;0.0
1970;irn;bgr;1798000.0;5442000.0
1970;irn;bhr;2665000.0;341000.0
1970;irn;bol;33000.0;1000.0
1970;irn;bra;11790000.0;284000.0
1970;irn;caf;17000.0;0.0
1970;irn;can;32443000.0;7420000.0
1970;irn;che;10227000.0;31156000.0
1970;irn;chl;506000.0;3000.0
1970;irn;chn;4273000.0;1817000.0
1970;irn;civ;164000.0;34000.0
1970;irn;cmr;57000.0;0.0
1970;irn;cod;10587000.0;0.0
1970;irn;cog;56000.0;0.0
1970;irn;col;322000.0;12000.0
1970;irn;cri;8000.0;0.0
1970;irn;csk;15422000.0;20981000.0
1970;irn;cyp;25000.0;14000.0
1970;irn;ddr;385000.0;548000.0
1970;irn;deu;238381000.0;351848000.0
1970;irn;dji;145000.0;73000.0
1970;irn;dnk;13527000.0;9117000.0
1970;irn;dza;13000.0;0.0
1970;irn;ecu;77000.0;17000.0
1970;irn;egy;91000.0;0.0
1970;irn;esp;36106000.0;5099000.0
1970;irn;eth;10364000.0;246000.0
1970;irn;fdr;237996000.0;351300000.0
1970;irn;fin;47149000.0;13309000.0
1970;irn;fio;238000.0;1000.0
1970;irn;fji;4430000.0;0.0
1970;irn;fra;86142000.0;78215000.0
1970;irn;gab;21000.0;6000.0
1970;irn;gbr;175060000.0;164333000.0
1970;irn;gha;13000.0;30000.0
1970;irn;glp;7000.0;0.0
1970;irn;grc;32000.0;1136000.0
1970;irn;gtm;14000.0;0.0
1970;irn;guy;13000.0;9000.0
1970;irn;hkg;14633000.0;2977000.0
1970;irn;hnd;29000.0;0.0
1970;irn;hun;13754000.0;14438000.0
1970;irn;idn;0.0;57000.0
1970;irn;ind;111593000.0;43466000.0
1970;irn;irl;11382000.0;246000.0
1970;irn;irq;1097000.0;80000.0
1970;irn;isl;16000.0;159000.0
1970;irn;isr;2659000.0;9717000.0
1970;irn;ita;107929000.0;68619000.0
1970;irn;jor;178000.0;705000.0
1970;irn;jpn;995376000.0;203224000.0
1970;irn;ken;24891000.0;1401000.0
1970;irn;kor;39487000.0;4203000.0
1970;irn;kwt;10397000.0;6718000.0
1970;irn;lbn;2031000.0;174000.0
1970;irn;lbr;10000.0;0.0
1970;irn;lby;291000.0;0.0
1970;irn;lka;3175000.0;4736000.0
1970;irn;mar;1000.0;58000.0
1970;irn;mdg;800000.0;19000.0
1970;irn;mex;104000.0;5000.0
1970;irn;mli;104000.0;85000.0
1970;irn;mlt;15000.0;21000.0
1970;irn;mmr;53000.0;2000.0
1970;irn;moz;45000.0;566000.0
1970;irn;mus;2688000.0;1000.0
1970;irn;mwi;3351000.0;1000.0
1970;irn;mys;679000.0;3935000.0
1970;irn;ner;0.0;3000.0
1970;irn;nga;105000.0;14000.0
1970;irn;nld;168667000.0;47592000.0
1970;irn;nor;952000.0;4451000.0
1970;irn;npl;2000.0;41000.0
1970;irn;nzl;16385000.0;2063000.0
1970;irn;omn;3988000.0;1935000.0
1970;irn;pak;29974000.0;6088000.0
1970;irn;pan;18000.0;1000.0
1970;irn;per;102000.0;331000.0
1970;irn;phl;30606000.0;196000.0
1970;irn;pol;5427000.0;5169000.0
1970;irn;prk;1000.0;0.0
1970;irn;prt;5403000.0;930000.0
1970;irn;qat;639000.0;52000.0
1970;irn;rou;1008000.0;31517000.0
1970;irn;sau;1561000.0;493000.0
1970;irn;sdn;101000.0;31000.0
1970;irn;sen;37000.0;0.0
1970;irn;sgp;55819000.0;2044000.0
1970;irn;sle;2000.0;0.0
1970;irn;slv;1000.0;0.0
1970;irn;som;1058000.0;2000.0
1970;irn;sun;72026000.0;131756000.0
1970;irn;swe;21860000.0;29310000.0
1970;irn;syr;113000.0;74000.0
1970;irn;tcd;21000.0;0.0
1970;irn;tgo;41000.0;0.0
1970;irn;tha;13037000.0;2040000.0
1970;irn;tto;495000.0;1000.0
1970;irn;tun;24000.0;1208000.0
1970;irn;tur;25000.0;3968000.0
1970;irn;twn;3118000.0;8656000.0
1970;irn;tza;15129000.0;320000.0
1970;irn;uga;257000.0;16000.0
1970;irn;ury;0.0;3009000.0
1970;irn;usa;74575000.0;219529000.0
1970;irn;ven;464000.0;10000.0
1970;irn;vnm;734000.0;4000.0
1970;irn;wld;2708434000.0;1693091000.0
1970;irn;wsm;113000.0;0.0
1970;irn;yar;139000.0;4000.0
1970;irn;ymd;40000.0;11000.0
1970;irn;yug;18021000.0;24030000.0
1970;irn;zaf;5161000.0;6345000.0
1970;irn;zmb;11298000.0;887000.0
1970;irn;zwe;41000.0;38000.0
1970;irq;afg;0.0;45000.0
1970;irq;arg;0.0;59000.0
1970;irq;aus;13977000.0;9989000.0
1970;irq;aut;8082000.0;5552000.0
1970;irq;bel;14382000.0;19506000.0
1970;irq;ben;521000.0;0.0
1970;irq;bfa;14000.0;0.0
1970;irq;bhr;1759000.0;242000.0
1970;irq;bol;5000.0;0.0
1970;irq;bra;48135000.0;72000.0
1970;irq;brb;1000.0;0.0
1970;irq;can;13798000.0;4034000.0
1970;irq;che;5000.0;5910000.0
1970;irq;chl;0.0;47000.0
1970;irq;civ;96000.0;12000.0
1970;irq;cod;1000.0;0.0
1970;irq;col;1000.0;0.0
1970;irq;deu;58331000.0;18811000.0
1970;irq;dnk;125000.0;8976000.0
1970;irq;egy;5813000.0;9502000.0
1970;irq;esp;41173000.0;3503000.0
1970;irq;eth;118000.0;0.0
1970;irq;fdr;58331000.0;18811000.0
1970;irq;fin;17000.0;2271000.0
1970;irq;fji;17000.0;0.0
1970;irq;fra;203916000.0;35140000.0
1970;irq;gbr;44927000.0;55355000.0
1970;irq;gmb;218000.0;0.0
1970;irq;grc;39274000.0;2331000.0
1970;irq;hkg;29000.0;228000.0
1970;irq;idn;0.0;10000.0
1970;irq;ind;5116000.0;11998000.0
1970;irq;irl;4396000.0;110000.0
1970;irq;irn;80000.0;1097000.0
1970;irq;isl;17000.0;0.0
1970;irq;ita;353093000.0;15382000.0
1970;irq;jor;1063000.0;3674000.0
1970;irq;jpn;182000.0;15930000.0
1970;irq;ken;19000.0;533000.0
1970;irq;kor;0.0;291000.0
1970;irq;kwt;8809000.0;8044000.0
1970;irq;lbn;29439000.0;11998000.0
1970;irq;lbr;1000.0;0.0
1970;irq;lka;1222000.0;9329000.0
1970;irq;mar;2000.0;138000.0
1970;irq;mex;32000.0;34000.0
1970;irq;mli;23000.0;0.0
1970;irq;mlt;3000.0;0.0
1970;irq;mmr;0.0;669000.0
1970;irq;mrt;3000.0;0.0
1970;irq;mus;3000.0;48000.0
1970;irq;mwi;98000.0;0.0
1970;irq;mys;191000.0;16279000.0
1970;irq;ner;320000.0;0.0
1970;irq;nga;6000.0;22000.0
1970;irq;nld;5744000.0;5904000.0
1970;irq;nor;13000.0;1148000.0
1970;irq;nzl;88000.0;58000.0
1970;irq;pak;552000.0;4368000.0
1970;irq;per;0.0;97000.0
1970;irq;phl;445000.0;1000.0
1970;irq;prt;48646000.0;2774000.0
1970;irq;sdn;271000.0;608000.0
1970;irq;sen;120000.0;0.0
1970;irq;sgp;337000.0;2796000.0
1970;irq;som;142000.0;1000.0
1970;irq;swe;2939000.0;21735000.0
1970;irq;tgo;454000.0;0.0
1970;irq;tha;2905000.0;677000.0
1970;irq;tto;12000.0;0.0
1970;irq;tun;4922000.0;14000.0
1970;irq;tur;34659000.0;5729000.0
1970;irq;twn;10152000.0;819000.0
1970;irq;tza;45000.0;205000.0
1970;irq;uga;15000.0;0.0
1970;irq;usa;3036000.0;22230000.0
1970;irq;ven;2000.0;0.0
1970;irq;wld;1043181000.0;349448000.0
1970;irq;xxb;2000.0;0.0
1970;irq;yug;28808000.0;3113000.0
1970;irq;zmb;19000.0;0.0
1970;isl;afg;164000.0;1000.0
1970;isl;arg;27000.0;16000.0
1970;isl;aus;775000.0;151000.0
1970;isl;aut;694000.0;458000.0
1970;isl;bel;2180000.0;2988000.0
1970;isl;ben;10000.0;0.0
1970;isl;bgr;0.0;32000.0
1970;isl;bhr;6000.0;0.0
1970;isl;bhs;3000.0;0.0
1970;isl;bmu;0.0;144000.0
1970;isl;bol;2000.0;1000.0
1970;isl;bra;1765000.0;1974000.0
1970;isl;brb;1000.0;0.0
1970;isl;can;63000.0;323000.0
1970;isl;che;3870000.0;2278000.0
1970;isl;chl;1000.0;1000.0
1970;isl;chn;0.0;140000.0
1970;isl;civ;26000.0;3000.0
1970;isl;cmr;421000.0;8000.0
1970;isl;cod;193000.0;0.0
1970;isl;cog;0.0;72000.0
1970;isl;col;7000.0;4000.0
1970;isl;cri;1000.0;13000.0
1970;isl;csk;1032000.0;2544000.0
1970;isl;cyp;33000.0;10000.0
1970;isl;ddr;668000.0;751000.0
1970;isl;deu;21299000.0;24396000.0
1970;isl;dnk;10513000.0;21064000.0
1970;isl;ecu;0.0;74000.0
1970;isl;egy;14000.0;14000.0
1970;isl;esp;7202000.0;971000.0
1970;isl;eth;31000.0;0.0
1970;isl;fdr;20631000.0;23645000.0
1970;isl;fin;4231000.0;4305000.0
1970;isl;fio;1000.0;0.0
1970;isl;fji;0.0;2000.0
1970;isl;fra;1686000.0;4245000.0
1970;isl;gab;7000.0;7000.0
1970;isl;gbr;21479000.0;22317000.0
1970;isl;gha;2000.0;24000.0
1970;isl;grc;868000.0;8000.0
1970;isl;grl;20000.0;24000.0
1970;isl;gtm;6000.0;0.0
1970;isl;hkg;0.0;626000.0
1970;isl;hnd;1000.0;44000.0
1970;isl;hun;1223000.0;54000.0
1970;isl;idn;1000.0;29000.0
1970;isl;ind;0.0;209000.0
1970;isl;irl;363000.0;79000.0
1970;isl;irn;159000.0;16000.0
1970;isl;irq;0.0;17000.0
1970;isl;isr;265000.0;280000.0
1970;isl;ita;5512000.0;2941000.0
1970;isl;jam;0.0;8000.0
1970;isl;jor;1000.0;0.0
1970;isl;jpn;252000.0;4434000.0
1970;isl;ken;0.0;1000.0
1970;isl;kor;1156000.0;98000.0
1970;isl;lby;3000.0;0.0
1970;isl;lka;3000.0;14000.0
1970;isl;mar;21000.0;19000.0
1970;isl;mex;12000.0;3000.0
1970;isl;mlt;0.0;1000.0
1970;isl;mmr;0.0;24000.0
1970;isl;moz;3000.0;0.0
1970;isl;mus;1000.0;0.0
1970;isl;mys;0.0;11000.0
1970;isl;naa;1000.0;1486000.0
1970;isl;nga;756000.0;3000.0
1970;isl;nld;1016000.0;9331000.0
1970;isl;nor;2501000.0;8734000.0
1970;isl;nzl;0.0;44000.0
1970;isl;pak;2000.0;38000.0
1970;isl;pan;57000.0;148000.0
1970;isl;per;3000.0;2000.0
1970;isl;phl;6000.0;17000.0
1970;isl;pol;1798000.0;2287000.0
1970;isl;prt;6208000.0;531000.0
1970;isl;pry;1000.0;0.0
1970;isl;rou;3000.0;47000.0
1970;isl;sdn;0.0;14000.0
1970;isl;sgp;6000.0;5000.0
1970;isl;sle;1000.0;0.0
1970;isl;sun;10057000.0;11101000.0
1970;isl;sur;0.0;4651000.0
1970;isl;swe;9995000.0;7974000.0
1970;isl;tgo;4000.0;0.0
1970;isl;tha;37000.0;51000.0
1970;isl;tto;3000.0;1000.0
1970;isl;tun;0.0;13000.0
1970;isl;tur;29000.0;12000.0
1970;isl;twn;1000.0;29000.0
1970;isl;tza;1000.0;0.0
1970;isl;uga;0.0;150000.0
1970;isl;usa;46897000.0;12681000.0
1970;isl;ven;19000.0;0.0
1970;isl;vnm;1000.0;0.0
1970;isl;wld;167186000.0;157072000.0
1970;isl;xxh;0.0;4000.0
1970;isl;yug;160000.0;30000.0
1970;isl;zaf;14000.0;168000.0
1970;isr;ago;140000.0;50000.0
1970;isr;arg;860000.0;15554000.0
1970;isr;aus;5526000.0;3508000.0
1970;isr;aut;9276000.0;13837000.0
1970;isr;bdi;32000.0;52000.0
1970;isr;bel;34203000.0;62637000.0
1970;isr;ben;63000.0;11000.0
1970;isr;bfa;18000.0;0.0
1970;isr;bgr;2136000.0;2782000.0
1970;isr;bhs;30000.0;2000.0
1970;isr;bmu;6000.0;0.0
1970;isr;bol;115000.0;39000.0
1970;isr;bra;3429000.0;4598000.0
1970;isr;brb;76000.0;0.0
1970;isr;caf;7000.0;5771000.0
1970;isr;can;13851000.0;19672000.0
1970;isr;che;18686000.0;50191000.0
1970;isr;chl;53000.0;256000.0
1970;isr;chn;16000.0;19000.0
1970;isr;civ;1427000.0;926000.0
1970;isr;cmr;16000.0;37000.0
1970;isr;cod;1578000.0;304000.0
1970;isr;cog;7000.0;1715000.0
1970;isr;col;103000.0;484000.0
1970;isr;cri;295000.0;2000.0
1970;isr;csk;839000.0;783000.0
1970;isr;cyp;5364000.0;618000.0
1970;isr;ddr;19000.0;256000.0
1970;isr;deu;80625000.0;174579000.0
1970;isr;dji;16000.0;105000.0
1970;isr;dnk;6004000.0;8992000.0
1970;isr;dom;27000.0;0.0
1970;isr;ecu;94000.0;78000.0
1970;isr;esp;11913000.0;3370000.0
1970;isr;eth;3252000.0;1996000.0
1970;isr;fdr;80606000.0;174323000.0
1970;isr;fin;8769000.0;14856000.0
1970;isr;fio;80000.0;0.0
1970;isr;fji;10000.0;17000.0
1970;isr;fra;35432000.0;60932000.0
1970;isr;gab;3000.0;1640000.0
1970;isr;gbr;94407000.0;228239000.0
1970;isr;gha;2176000.0;594000.0
1970;isr;gib;6000.0;1000.0
1970;isr;gin;8000.0;30000.0
1970;isr;glp;1000.0;0.0
1970;isr;gmb;154000.0;24000.0
1970;isr;gnb;23000.0;1591000.0
1970;isr;gnq;2000.0;10000.0
1970;isr;grc;9419000.0;4276000.0
1970;isr;gtm;31000.0;92000.0
1970;isr;guy;31000.0;10000.0
1970;isr;hkg;25338000.0;1726000.0
1970;isr;hnd;22000.0;327000.0
1970;isr;hti;1000.0;1000.0
1970;isr;hun;6336000.0;4309000.0
1970;isr;idn;0.0;33000.0
1970;isr;ind;175000.0;611000.0
1970;isr;irl;5848000.0;1182000.0
1970;isr;irn;9717000.0;2659000.0
1970;isr;isl;280000.0;265000.0
1970;isr;ita;23139000.0;75650000.0
1970;isr;jam;118000.0;2000.0
1970;isr;jpn;27826000.0;62111000.0
1970;isr;ken;3054000.0;1182000.0
1970;isr;khm;173000.0;36000.0
1970;isr;kor;4015000.0;205000.0
1970;isr;lao;17000.0;8000.0
1970;isr;lbr;19000.0;1215000.0
1970;isr;lka;55000.0;491000.0
1970;isr;mdg;219000.0;5000.0
1970;isr;mex;1243000.0;267000.0
1970;isr;mli;44000.0;16000.0
1970;isr;mlt;1376000.0;90000.0
1970;isr;mmr;64000.0;3000.0
1970;isr;moz;731000.0;314000.0
1970;isr;mus;367000.0;0.0
1970;isr;mwi;207000.0;18000.0
1970;isr;mys;2448000.0;540000.0
1970;isr;naa;93000.0;95000.0
1970;isr;ner;14000.0;4000.0
1970;isr;nga;4165000.0;40000.0
1970;isr;nic;7000.0;0.0
1970;isr;nld;13614000.0;71477000.0
1970;isr;nor;4532000.0;14358000.0
1970;isr;npl;4000.0;0.0
1970;isr;nzl;301000.0;756000.0
1970;isr;pak;198000.0;12000.0
1970;isr;pan;64000.0;134000.0
1970;isr;per;216000.0;3722000.0
1970;isr;phl;786000.0;141000.0
1970;isr;pol;7000.0;25000.0
1970;isr;prt;1810000.0;3233000.0
1970;isr;pry;5000.0;12000.0
1970;isr;rou;11029000.0;25085000.0
1970;isr;rwa;141000.0;0.0
1970;isr;sen;86000.0;1000.0
1970;isr;sgp;4675000.0;3306000.0
1970;isr;sle;19000.0;0.0
1970;isr;slv;40000.0;0.0
1970;isr;som;92000.0;0.0
1970;isr;sun;1000.0;607000.0
1970;isr;sur;7000.0;0.0
1970;isr;swe;15047000.0;28575000.0
1970;isr;tcd;14000.0;0.0
1970;isr;tgo;49000.0;9000.0
1970;isr;tha;1187000.0;174000.0
1970;isr;tto;8000.0;1000.0
1970;isr;tun;0.0;2000.0
1970;isr;tur;1629000.0;3733000.0
1970;isr;twn;407000.0;77000.0
1970;isr;tza;1897000.0;130000.0
1970;isr;uga;2198000.0;2137000.0
1970;isr;ury;197000.0;4488000.0
1970;isr;usa;149609000.0;322255000.0
1970;isr;ven;1013000.0;1470000.0
1970;isr;vnm;105000.0;0.0
1970;isr;wld;721305000.0;1451006000.0
1970;isr;xxb;19000.0;0.0
1970;isr;xxh;17702000.0;101538000.0
1970;isr;yar;0.0;3000.0
1970;isr;ymd;0.0;3000.0
1970;isr;yug;11352000.0;14624000.0
1970;isr;zaf;10687000.0;10219000.0
1970;isr;zmb;2812000.0;14000.0
1970;ita;afg;750000.0;478000.0
1970;ita;ago;11758000.0;2522000.0
1970;ita;alb;6855000.0;5714000.0
1970;ita;arg;121684000.0;295214000.0
1970;ita;aus;93232000.0;127895000.0
1970;ita;aut;232007000.0;267502000.0
1970;ita;bdi;746000.0;1418000.0
1970;ita;bel;425644000.0;567363000.0
1970;ita;ben;1929000.0;1706000.0
1970;ita;bfa;1001000.0;2494000.0
1970;ita;bgr;49518000.0;54249000.0
1970;ita;bhr;3318000.0;918000.0
1970;ita;bmu;14386000.0;2728000.0
1970;ita;bol;2986000.0;450000.0
1970;ita;bra;87828000.0;205330000.0
1970;ita;brb;1647000.0;3000.0
1970;ita;caf;823000.0;1349000.0
1970;ita;can;138823000.0;214447000.0
1970;ita;che;609272000.0;335903000.0
1970;ita;chl;24755000.0;96172000.0
1970;ita;chn;56972000.0;63095000.0
1970;ita;civ;25006000.0;63852000.0
1970;ita;cmr;12124000.0;6517000.0
1970;ita;cod;28885000.0;99915000.0
1970;ita;cog;1918000.0;12332000.0
1970;ita;col;22396000.0;5693000.0
1970;ita;cri;5618000.0;10264000.0
1970;ita;csk;74656000.0;75372000.0
1970;ita;cub;59073000.0;12048000.0
1970;ita;cyp;21158000.0;5224000.0
1970;ita;ddr;26498000.0;35335000.0
1970;ita;deu;2972549000.0;2999582000.0
1970;ita;dji;626000.0;59000.0
1970;ita;dnk;136376000.0;106978000.0
1970;ita;dom;11489000.0;2291000.0
1970;ita;dza;93611000.0;46145000.0
1970;ita;ecu;8335000.0;9244000.0
1970;ita;egy;52018000.0;53597000.0
1970;ita;esp;247100000.0;150448000.0
1970;ita;eth;30478000.0;10670000.0
1970;ita;fdr;2946051000.0;2964247000.0
1970;ita;fin;56286000.0;67414000.0
1970;ita;fio;5795000.0;9188000.0
1970;ita;fji;368000.0;129000.0
1970;ita;fra;1765500000.0;1972464000.0
1970;ita;gab;1863000.0;1622000.0
1970;ita;gbr;594385000.0;565693000.0
1970;ita;gha;9742000.0;15576000.0
1970;ita;gib;3101000.0;163000.0
1970;ita;gin;7003000.0;1265000.0
1970;ita;glp;6541000.0;699000.0
1970;ita;gmb;258000.0;610000.0
1970;ita;gnb;708000.0;185000.0
1970;ita;gnq;388000.0;64000.0
1970;ita;grc;163850000.0;70288000.0
1970;ita;gtm;4713000.0;11183000.0
1970;ita;guf;674000.0;0.0
1970;ita;guy;944000.0;1169000.0
1970;ita;hkg;42815000.0;20139000.0
1970;ita;hnd;1906000.0;10690000.0
1970;ita;hti;4013000.0;3531000.0
1970;ita;hun;92143000.0;121828000.0
1970;ita;idn;20026000.0;19624000.0
1970;ita;ind;38256000.0;27792000.0
1970;ita;irl;31062000.0;15076000.0
1970;ita;irn;68619000.0;107929000.0
1970;ita;irq;15382000.0;353093000.0
1970;ita;isl;2941000.0;5512000.0
1970;ita;isr;75650000.0;23139000.0
1970;ita;jam;6080000.0;151000.0
1970;ita;jor;6246000.0;119000.0
1970;ita;jpn;134435000.0;222499000.0
1970;ita;ken;17355000.0;4435000.0
1970;ita;khm;1050000.0;1152000.0
1970;ita;kor;19570000.0;12342000.0
1970;ita;kwt;30066000.0;236689000.0
1970;ita;lao;863000.0;44000.0
1970;ita;lbn;45788000.0;8521000.0
1970;ita;lbr;3662000.0;35485000.0
1970;ita;lby;119598000.0;517120000.0
1970;ita;lka;4352000.0;7698000.0
1970;ita;mac;52000.0;2034000.0
1970;ita;mar;36884000.0;43322000.0
1970;ita;mdg;10074000.0;4001000.0
1970;ita;mex;39385000.0;40270000.0
1970;ita;mli;807000.0;1363000.0
1970;ita;mlt;26870000.0;4057000.0
1970;ita;mmr;822000.0;1421000.0
1970;ita;mng;33000.0;21000.0
1970;ita;moz;11225000.0;11167000.0
1970;ita;mrt;1637000.0;13494000.0
1970;ita;mus;785000.0;62000.0
1970;ita;mwi;1141000.0;143000.0
1970;ita;mys;15524000.0;74307000.0
1970;ita;naa;13234000.0;962000.0
1970;ita;ncl;9046000.0;3765000.0
1970;ita;ner;837000.0;6274000.0
1970;ita;nga;50723000.0;43082000.0
1970;ita;nic;6690000.0;2828000.0
1970;ita;nld;566464000.0;642076000.0
1970;ita;nor;68832000.0;64643000.0
1970;ita;npl;213000.0;113000.0
1970;ita;nzl;17294000.0;30981000.0
1970;ita;omn;4953000.0;27939000.0
1970;ita;pak;42421000.0;24753000.0
1970;ita;pan;4368000.0;5505000.0
1970;ita;per;18069000.0;35706000.0
1970;ita;phl;16325000.0;5528000.0
1970;ita;pol;72114000.0;120756000.0
1970;ita;prk;1394000.0;411000.0
1970;ita;prt;84762000.0;28553000.0
1970;ita;pry;1466000.0;1444000.0
1970;ita;qat;1604000.0;36293000.0
1970;ita;rou;78941000.0;135001000.0
1970;ita;rwa;412000.0;131000.0
1970;ita;sau;34616000.0;290557000.0
1970;ita;sdn;6970000.0;34236000.0
1970;ita;sen;6217000.0;4350000.0
1970;ita;sgp;29976000.0;4177000.0
1970;ita;sle;1655000.0;1738000.0
1970;ita;slv;3776000.0;443000.0
1970;ita;som;13288000.0;14859000.0
1970;ita;spm;96000.0;820000.0
1970;ita;sun;307901000.0;281516000.0
1970;ita;sur;1250000.0;12148000.0
1970;ita;swe;208155000.0;212725000.0
1970;ita;syr;20927000.0;20123000.0
1970;ita;tcd;1877000.0;1373000.0
1970;ita;tgo;2420000.0;2066000.0
1970;ita;tha;23452000.0;17269000.0
1970;ita;tto;3298000.0;3147000.0
1970;ita;tun;22018000.0;42798000.0
1970;ita;tur;70057000.0;59862000.0
1970;ita;twn;12503000.0;19817000.0
1970;ita;tza;15313000.0;9242000.0
1970;ita;uga;6368000.0;2571000.0
1970;ita;ury;7159000.0;21953000.0
1970;ita;usa;1326069000.0;1542825000.0
1970;ita;ven;81521000.0;54294000.0
1970;ita;vnm;5725000.0;589000.0
1970;ita;wld;13205253000.0;14939004000.0
1970;ita;wsm;17000.0;13000.0
1970;ita;xxb;384000.0;0.0
1970;ita;xxe;194000.0;268000.0
1970;ita;xxh;131591000.0;21055000.0
1970;ita;yar;4475000.0;345000.0
1970;ita;ymd;2214000.0;2137000.0
1970;ita;yug;378034000.0;266477000.0
1970;ita;zaf;160997000.0;77518000.0
1970;ita;zmb;15932000.0;113728000.0
1970;ita;zwe;60000.0;58000.0
1970;jam;arg;5000.0;902000.0
1970;jam;aus;535000.0;6430000.0
1970;jam;aut;105000.0;1710000.0
1970;jam;bel;309000.0;3689000.0
1970;jam;bhr;4000.0;1000.0
1970;jam;bol;0.0;2000.0
1970;jam;bra;4000.0;1288000.0
1970;jam;brb;2000000.0;245000.0
1970;jam;can;25913000.0;45551000.0
1970;jam;che;115000.0;2697000.0
1970;jam;chl;5000.0;0.0
1970;jam;civ;37000.0;0.0
1970;jam;cmr;1000.0;0.0
1970;jam;col;73000.0;425000.0
1970;jam;cri;303000.0;84000.0
1970;jam;deu;2992000.0;12247000.0
1970;jam;dnk;143000.0;1230000.0
1970;jam;ecu;2000.0;1000.0
1970;jam;esp;545000.0;469000.0
1970;jam;fdr;2992000.0;12247000.0
1970;jam;fin;243000.0;720000.0
1970;jam;fji;20000.0;0.0
1970;jam;fra;375000.0;6617000.0
1970;jam;gab;0.0;28000.0
1970;jam;gbr;65952000.0;87917000.0
1970;jam;gha;6076000.0;0.0
1970;jam;glp;467000.0;6000.0
1970;jam;gtm;343000.0;289000.0
1970;jam;guf;49000.0;0.0
1970;jam;guy;1911000.0;2707000.0
1970;jam;hkg;41000.0;3403000.0
1970;jam;hnd;181000.0;2150000.0
1970;jam;ind;4000.0;392000.0
1970;jam;irl;215000.0;1341000.0
1970;jam;isl;8000.0;0.0
1970;jam;isr;2000.0;118000.0
1970;jam;ita;151000.0;6080000.0
1970;jam;jpn;1148000.0;12490000.0
1970;jam;kor;76000.0;170000.0
1970;jam;kwt;22000.0;0.0
1970;jam;lka;3000.0;63000.0
1970;jam;mar;0.0;1000.0
1970;jam;mex;10000.0;688000.0
1970;jam;mlt;23000.0;3000.0
1970;jam;mwi;1000.0;0.0
1970;jam;naa;218000.0;7540000.0
1970;jam;nic;207000.0;1071000.0
1970;jam;nld;948000.0;3519000.0
1970;jam;nor;29104000.0;637000.0
1970;jam;nzl;557000.0;7381000.0
1970;jam;pak;2000.0;52000.0
1970;jam;pan;385000.0;57000.0
1970;jam;per;31000.0;58000.0
1970;jam;phl;2000.0;82000.0
1970;jam;prt;12000.0;229000.0
1970;jam;slv;233000.0;12000.0
1970;jam;swe;8690000.0;2104000.0
1970;jam;tha;10000.0;65000.0
1970;jam;tto;4549000.0;5799000.0
1970;jam;twn;0.0;516000.0
1970;jam;usa;186959000.0;216928000.0
1970;jam;ven;634000.0;30861000.0
1970;jam;wld;342975000.0;479065000.0
1970;jam;zmb;22000.0;0.0
1970;jor;afg;0.0;99000.0
1970;jor;ago;0.0;3000.0
1970;jor;are;40000.0;0.0
1970;jor;arg;0.0;1821000.0
1970;jor;aus;0.0;257000.0
1970;jor;aut;0.0;1497000.0
1970;jor;bel;2000.0;4647000.0
1970;jor;bgr;0.0;2430000.0
1970;jor;bhr;17000.0;1000.0
1970;jor;bra;0.0;1229000.0
1970;jor;can;1000.0;705000.0
1970;jor;che;0.0;1268000.0
1970;jor;chl;0.0;1000.0
1970;jor;chn;564000.0;4194000.0
1970;jor;civ;0.0;24000.0
1970;jor;cri;0.0;169000.0
1970;jor;csk;542000.0;2046000.0
1970;jor;cub;0.0;5000.0
1970;jor;cyp;0.0;450000.0
1970;jor;ddr;0.0;911000.0
1970;jor;deu;212000.0;17524000.0
1970;jor;dnk;1000.0;1718000.0
1970;jor;dza;0.0;120000.0
1970;jor;egy;310000.0;5744000.0
1970;jor;esp;0.0;1220000.0
1970;jor;eth;0.0;150000.0
1970;jor;fdr;212000.0;16613000.0
1970;jor;fin;0.0;512000.0
1970;jor;fra;31000.0;4612000.0
1970;jor;gbr;516000.0;24687000.0
1970;jor;gib;0.0;7000.0
1970;jor;grc;2000.0;1744000.0
1970;jor;gtm;0.0;287000.0
1970;jor;hkg;117000.0;764000.0
1970;jor;hnd;14000.0;0.0
1970;jor;hun;0.0;1364000.0
1970;jor;idn;0.0;239000.0
1970;jor;ind;1505000.0;4576000.0
1970;jor;irl;0.0;121000.0
1970;jor;irn;705000.0;178000.0
1970;jor;irq;3674000.0;1063000.0
1970;jor;isl;0.0;1000.0
1970;jor;ita;119000.0;6246000.0
1970;jor;jpn;140000.0;10858000.0
1970;jor;ken;0.0;446000.0
1970;jor;kor;0.0;233000.0
1970;jor;kwt;5061000.0;452000.0
1970;jor;lbn;5984000.0;15522000.0
1970;jor;lby;20000.0;0.0
1970;jor;lka;76000.0;564000.0
1970;jor;mac;0.0;1000.0
1970;jor;mar;0.0;412000.0
1970;jor;mlt;0.0;15000.0
1970;jor;moz;0.0;8000.0
1970;jor;mys;1000.0;53000.0
1970;jor;ner;0.0;2000.0
1970;jor;nga;25000.0;0.0
1970;jor;nld;7000.0;3565000.0
1970;jor;nor;0.0;146000.0
1970;jor;npl;0.0;1000.0
1970;jor;nzl;0.0;38000.0
1970;jor;pak;7245000.0;693000.0
1970;jor;pan;0.0;39000.0
1970;jor;per;0.0;389000.0
1970;jor;phl;0.0;105000.0
1970;jor;pol;0.0;1082000.0
1970;jor;prk;0.0;23000.0
1970;jor;prt;3000.0;442000.0
1970;jor;qat;86000.0;3000.0
1970;jor;rou;68000.0;3883000.0
1970;jor;sau;3735000.0;7220000.0
1970;jor;sdn;3000.0;921000.0
1970;jor;sgp;173000.0;112000.0
1970;jor;sun;0.0;6557000.0
1970;jor;swe;5000.0;2095000.0
1970;jor;syr;4138000.0;9033000.0
1970;jor;tha;0.0;359000.0
1970;jor;tur;822000.0;1042000.0
1970;jor;twn;217000.0;576000.0
1970;jor;tza;0.0;154000.0
1970;jor;uga;0.0;27000.0
1970;jor;ury;0.0;9000.0
1970;jor;usa;124000.0;20656000.0
1970;jor;wld;40385000.0;184391000.0
1970;jor;xxh;0.0;127000.0
1970;jor;ymd;46000.0;6000.0
1970;jor;yug;4027000.0;2758000.0
1970;jor;zaf;0.0;41000.0
1970;jor;zmb;7000.0;0.0
1970;jpn;afg;19027000.0;188000.0
1970;jpn;ago;16324000.0;40191000.0
1970;jpn;alb;787000.0;0.0
1970;jpn;arg;85767000.0;153817000.0
1970;jpn;aus;573900000.0;1507820000.0
1970;jpn;aut;33710000.0;15639000.0
1970;jpn;bdi;2806000.0;1016000.0
1970;jpn;bel;115954000.0;75445000.0
1970;jpn;ben;1729000.0;3971000.0
1970;jpn;bfa;645000.0;4533000.0
1970;jpn;bgr;20757000.0;9340000.0
1970;jpn;bhr;20939000.0;25333000.0
1970;jpn;bhs;12282000.0;2647000.0
1970;jpn;blz;650000.0;100000.0
1970;jpn;bmu;23540000.0;101000.0
1970;jpn;bol;19594000.0;37673000.0
1970;jpn;bra;177839000.0;217873000.0
1970;jpn;brb;3752000.0;6000.0
1970;jpn;caf;682000.0;1774000.0
1970;jpn;can;557055000.0;928661000.0
1970;jpn;che;142871000.0;176922000.0
1970;jpn;chl;27700000.0;212411000.0
1970;jpn;chn;568917000.0;253836000.0
1970;jpn;civ;9719000.0;9699000.0
1970;jpn;cmr;5739000.0;6263000.0
1970;jpn;cod;35918000.0;37610000.0
1970;jpn;cog;978000.0;4129000.0
1970;jpn;col;59188000.0;26745000.0
1970;jpn;cri;28402000.0;16940000.0
1970;jpn;csk;10111000.0;15200000.0
1970;jpn;cub;39219000.0;110683000.0
1970;jpn;cyp;11258000.0;187000.0
1970;jpn;ddr;14656000.0;38645000.0
1970;jpn;deu;573333000.0;655674000.0
1970;jpn;dji;2883000.0;55000.0
1970;jpn;dnk;79151000.0;30099000.0
1970;jpn;dom;33258000.0;6793000.0
1970;jpn;dza;20211000.0;4155000.0
1970;jpn;ecu;24948000.0;84674000.0
1970;jpn;egy;11850000.0;47342000.0
1970;jpn;esp;146040000.0;32678000.0
1970;jpn;eth;25439000.0;9113000.0
1970;jpn;fdr;558677000.0;617029000.0
1970;jpn;fin;62262000.0;11217000.0
1970;jpn;fio;2066000.0;213000.0
1970;jpn;fji;15738000.0;10453000.0
1970;jpn;flk;32000.0;0.0
1970;jpn;fra;191151000.0;186555000.0
1970;jpn;gab;604000.0;2884000.0
1970;jpn;gbr;317178000.0;395207000.0
1970;jpn;gha;25253000.0;32243000.0
1970;jpn;gib;1889000.0;25000.0
1970;jpn;gin;444000.0;0.0
1970;jpn;glp;510000.0;4000.0
1970;jpn;gmb;2105000.0;0.0
1970;jpn;gnb;2814000.0;4000.0
1970;jpn;gnq;476000.0;0.0
1970;jpn;grc;249633000.0;13411000.0
1970;jpn;grl;503000.0;287000.0
1970;jpn;gtm;29248000.0;22400000.0
1970;jpn;guf;156000.0;1000.0
1970;jpn;guy;5513000.0;4389000.0
1970;jpn;hkg;691091000.0;91815000.0
1970;jpn;hnd;17911000.0;4438000.0
1970;jpn;hti;5734000.0;1849000.0
1970;jpn;hun;11716000.0;4209000.0
1970;jpn;idn;316348000.0;636605000.0
1970;jpn;ind;96832000.0;390092000.0
1970;jpn;irl;15342000.0;11044000.0
1970;jpn;irn;203224000.0;995376000.0
1970;jpn;irq;15930000.0;182000.0
1970;jpn;isl;4434000.0;252000.0
1970;jpn;isr;62111000.0;27826000.0
1970;jpn;ita;222499000.0;134435000.0
1970;jpn;jam;12490000.0;1148000.0
1970;jpn;jor;10858000.0;140000.0
1970;jpn;jpn;100902000.0;100902000.0
1970;jpn;ken;42521000.0;4664000.0
1970;jpn;khm;13600000.0;5992000.0
1970;jpn;kir;3243000.0;7674000.0
1970;jpn;kna;1355000.0;1000.0
1970;jpn;kor;813001000.0;228991000.0
1970;jpn;kwt;95042000.0;308327000.0
1970;jpn;lao;16348000.0;47000.0
1970;jpn;lbn;26459000.0;1725000.0
1970;jpn;lbr;12212000.0;31918000.0
1970;jpn;lby;31129000.0;5289000.0
1970;jpn;lka;33879000.0;17373000.0
1970;jpn;mac;457000.0;1017000.0
1970;jpn;mar;13356000.0;18054000.0
1970;jpn;mdg;4661000.0;6700000.0
1970;jpn;mex;86003000.0;151222000.0
1970;jpn;mli;602000.0;3758000.0
1970;jpn;mlt;4476000.0;103000.0
1970;jpn;mmr;42028000.0;12571000.0
1970;jpn;mng;399000.0;643000.0
1970;jpn;moz;36899000.0;22584000.0
1970;jpn;mrt;18000.0;9171000.0
1970;jpn;mus;3917000.0;476000.0
1970;jpn;mwi;4495000.0;304000.0
1970;jpn;mys;244744000.0;418925000.0
1970;jpn;naa;14047000.0;14605000.0
1970;jpn;ncl;6352000.0;109353000.0
1970;jpn;ner;1251000.0;263000.0
1970;jpn;nga;66444000.0;12842000.0
1970;jpn;nic;12705000.0;27564000.0
1970;jpn;nld;136098000.0;103599000.0
1970;jpn;nor;162410000.0;34208000.0
1970;jpn;npl;4752000.0;1074000.0
1970;jpn;nzl;122529000.0;157743000.0
1970;jpn;omn;2351000.0;64964000.0
1970;jpn;pak;129637000.0;42349000.0
1970;jpn;pan;23604000.0;2302000.0
1970;jpn;per;48894000.0;210444000.0
1970;jpn;phl;370413000.0;533504000.0
1970;jpn;png;37743000.0;15757000.0
1970;jpn;pol;22411000.0;39570000.0
1970;jpn;prk;23336000.0;34418000.0
1970;jpn;prt;43855000.0;9422000.0
1970;jpn;pry;5072000.0;2043000.0
1970;jpn;qat;36905000.0;117482000.0
1970;jpn;rou;26148000.0;4287000.0
1970;jpn;rwa;3338000.0;398000.0
1970;jpn;sau;83799000.0;435127000.0
1970;jpn;sdn;16161000.0;30072000.0
1970;jpn;sen;824000.0;5029000.0
1970;jpn;sgp;476299000.0;86549000.0
1970;jpn;shn;30000.0;0.0
1970;jpn;sle;9150000.0;9178000.0
1970;jpn;slv;21930000.0;28113000.0
1970;jpn;som;3349000.0;109000.0
1970;jpn;spm;8000.0;0.0
1970;jpn;sun;340957000.0;481076000.0
1970;jpn;sur;7390000.0;1093000.0
1970;jpn;swe;125991000.0;88709000.0
1970;jpn;syc;395000.0;11000.0
1970;jpn;syr;16124000.0;16739000.0
1970;jpn;tcd;575000.0;6138000.0
1970;jpn;tgo;3841000.0;3316000.0
1970;jpn;tha;485932000.0;189614000.0
1970;jpn;tto;13454000.0;2050000.0
1970;jpn;tun;825000.0;50000.0
1970;jpn;tur;25420000.0;28351000.0
1970;jpn;twn;654294000.0;250789000.0
1970;jpn;tza;20053000.0;18071000.0
1970;jpn;uga;13959000.0;33251000.0
1970;jpn;ury;4630000.0;1731000.0
1970;jpn;usa;5900385000.0;5564721000.0
1970;jpn;ven;131269000.0;22766000.0
1970;jpn;vnm;52027000.0;10869000.0
1970;jpn;wld;17961824000.0;18882573000.0
1970;jpn;wsm;1325000.0;15000.0
1970;jpn;xxb;12910000.0;503000.0
1970;jpn;xxe;40080000.0;235025000.0
1970;jpn;xxh;5431000.0;426000.0
1970;jpn;yar;3707000.0;1795000.0
1970;jpn;ymd;20450000.0;18728000.0
1970;jpn;yug;37722000.0;2850000.0
1970;jpn;zaf;329590000.0;372364000.0
1970;jpn;zmb;30527000.0;294683000.0
1970;jpn;zwe;3000.0;0.0
1970;ken;arg;291000.0;170000.0
1970;ken;aus;1744000.0;5307000.0
1970;ken;aut;1451000.0;1877000.0
1970;ken;bdi;1190000.0;0.0
1970;ken;bel;1679000.0;5596000.0
1970;ken;ben;1000.0;0.0
1970;ken;bgr;10000.0;27000.0
1970;ken;bhr;405000.0;642000.0
1970;ken;bmu;125000.0;26000.0
1970;ken;bra;4000.0;31000.0
1970;ken;brb;72000.0;1000.0
1970;ken;can;5430000.0;2238000.0
1970;ken;che;3444000.0;3056000.0
1970;ken;chl;0.0;1000.0
1970;ken;chn;1733000.0;3577000.0
1970;ken;civ;73000.0;24000.0
1970;ken;cmr;3000.0;0.0
1970;ken;cod;2536000.0;1876000.0
1970;ken;col;0.0;1000.0
1970;ken;csk;718000.0;2764000.0
1970;ken;cyp;30000.0;13000.0
1970;ken;ddr;4000.0;527000.0
1970;ken;deu;23211000.0;31830000.0
1970;ken;dnk;1360000.0;2165000.0
1970;ken;dza;0.0;61000.0
1970;ken;ecu;1000.0;0.0
1970;ken;egy;1021000.0;93000.0
1970;ken;esp;1082000.0;728000.0
1970;ken;eth;2442000.0;300000.0
1970;ken;fdr;23207000.0;31303000.0
1970;ken;fin;6216000.0;3071000.0
1970;ken;fio;2852000.0;5000.0
1970;ken;fji;8000.0;0.0
1970;ken;fra;2597000.0;14411000.0
1970;ken;gab;0.0;7000.0
1970;ken;gbr;63493000.0;117927000.0
1970;ken;gha;154000.0;2000.0
1970;ken;grc;435000.0;197000.0
1970;ken;guy;23000.0;0.0
1970;ken;hkg;3450000.0;5789000.0
1970;ken;hun;270000.0;792000.0
1970;ken;idn;15000.0;46000.0
1970;ken;ind;9186000.0;8595000.0
1970;ken;irl;1565000.0;183000.0
1970;ken;irn;1401000.0;24891000.0
1970;ken;irq;533000.0;19000.0
1970;ken;isl;1000.0;0.0
1970;ken;isr;1182000.0;3054000.0
1970;ken;ita;4435000.0;17355000.0
1970;ken;jor;446000.0;0.0
1970;ken;jpn;4664000.0;42521000.0
1970;ken;kor;2000.0;961000.0
1970;ken;kwt;1558000.0;1340000.0
1970;ken;lbn;107000.0;46000.0
1970;ken;lbr;40000.0;5000.0
1970;ken;lby;492000.0;0.0
1970;ken;lka;89000.0;99000.0
1970;ken;mar;27000.0;126000.0
1970;ken;mdg;394000.0;285000.0
1970;ken;mex;0.0;3000.0
1970;ken;mli;4000.0;0.0
1970;ken;mlt;17000.0;40000.0
1970;ken;mmr;50000.0;0.0
1970;ken;moz;392000.0;1113000.0
1970;ken;mus;2616000.0;3000.0
1970;ken;mwi;660000.0;259000.0
1970;ken;mys;680000.0;3463000.0
1970;ken;naa;1000.0;101000.0
1970;ken;nga;301000.0;37000.0
1970;ken;nld;8092000.0;11493000.0
1970;ken;nor;918000.0;2097000.0
1970;ken;nzl;638000.0;1489000.0
1970;ken;pak;489000.0;1518000.0
1970;ken;phl;419000.0;5000.0
1970;ken;pol;434000.0;3083000.0
1970;ken;prt;2000.0;1000.0
1970;ken;pry;4000.0;0.0
1970;ken;rou;917000.0;329000.0
1970;ken;rwa;2154000.0;285000.0
1970;ken;sau;369000.0;11206000.0
1970;ken;sdn;1279000.0;56000.0
1970;ken;sen;13000.0;0.0
1970;ken;sgp;1198000.0;652000.0
1970;ken;som;2368000.0;58000.0
1970;ken;sun;1310000.0;751000.0
1970;ken;swe;10005000.0;6405000.0
1970;ken;syc;1309000.0;11000.0
1970;ken;syr;68000.0;0.0
1970;ken;tha;1693000.0;111000.0
1970;ken;tto;100000.0;8000.0
1970;ken;tur;448000.0;68000.0
1970;ken;twn;144000.0;2334000.0
1970;ken;usa;22862000.0;33366000.0
1970;ken;ven;155000.0;0.0
1970;ken;wld;253350000.0;401151000.0
1970;ken;xxh;20780000.0;14808000.0
1970;ken;yar;1343000.0;66000.0
1970;ken;ymd;0.0;42000.0
1970;ken;yug;1891000.0;1095000.0
1970;ken;zaf;575000.0;228000.0
1970;ken;zmb;10961000.0;436000.0
1970;khm;aus;41000.0;569000.0
1970;khm;aut;0.0;156000.0
1970;khm;bel;181000.0;394000.0
1970;khm;ben;92000.0;0.0
1970;khm;bgr;0.0;19000.0
1970;khm;bra;0.0;622000.0
1970;khm;can;0.0;5000.0
1970;khm;che;362000.0;267000.0
1970;khm;chn;2866000.0;1779000.0
1970;khm;civ;14000.0;0.0
1970;khm;cmr;56000.0;1000.0
1970;khm;cog;1000.0;0.0
1970;khm;csk;3617000.0;552000.0
1970;khm;ddr;0.0;1133000.0
1970;khm;deu;2930000.0;4989000.0
1970;khm;dnk;0.0;217000.0
1970;khm;dza;0.0;1000.0
1970;khm;egy;3000.0;0.0
1970;khm;esp;452000.0;104000.0
1970;khm;fdr;2930000.0;3856000.0
1970;khm;fin;0.0;4000.0
1970;khm;fio;218000.0;0.0
1970;khm;fra;6527000.0;12382000.0
1970;khm;gab;19000.0;0.0
1970;khm;gbr;788000.0;2153000.0
1970;khm;gha;0.0;1000.0
1970;khm;glp;0.0;1000.0
1970;khm;hkg;7857000.0;2839000.0
1970;khm;idn;0.0;38000.0
1970;khm;ind;0.0;57000.0
1970;khm;irl;5000.0;2000.0
1970;khm;isr;36000.0;173000.0
1970;khm;ita;1152000.0;1050000.0
1970;khm;jpn;5992000.0;13600000.0
1970;khm;kor;1000.0;387000.0
1970;khm;kwt;23000.0;5000.0
1970;khm;lao;1000.0;0.0
1970;khm;lby;5000.0;0.0
1970;khm;mar;13000.0;0.0
1970;khm;mdg;1000.0;0.0
1970;khm;mex;4000.0;0.0
1970;khm;mys;490000.0;183000.0
1970;khm;nld;793000.0;202000.0
1970;khm;nor;0.0;20000.0
1970;khm;nzl;4000.0;4000.0
1970;khm;pak;0.0;207000.0
1970;khm;phl;4000.0;11000.0
1970;khm;png;0.0;9000.0
1970;khm;pol;0.0;106000.0
1970;khm;sen;4553000.0;1000.0
1970;khm;sgp;4111000.0;3029000.0
1970;khm;sun;1143000.0;402000.0
1970;khm;swe;7000.0;48000.0
1970;khm;tgo;49000.0;0.0
1970;khm;tha;227000.0;5000.0
1970;khm;tun;26000.0;392000.0
1970;khm;twn;56000.0;230000.0
1970;khm;usa;1158000.0;2895000.0
1970;khm;ven;1000.0;0.0
1970;khm;vnm;70000.0;404000.0
1970;khm;wld;46129000.0;52005000.0
1970;khm;xxb;4000.0;1000.0
1970;khm;xxe;19000.0;0.0
1970;khm;xxh;0.0;1469000.0
1970;khm;yug;154000.0;19000.0
1970;khm;zaf;0.0;1000.0
1970;khm;zmb;3000.0;0.0
1970;kir;arg;0.0;1000.0
1970;kir;aus;4903000.0;12767000.0
1970;kir;che;118000.0;34000.0
1970;kir;dnk;0.0;19000.0
1970;kir;fji;26000.0;385000.0
1970;kir;fra;8850000.0;2002000.0
1970;kir;gab;0.0;8000.0
1970;kir;gbr;1031000.0;2991000.0
1970;kir;hkg;43000.0;391000.0
1970;kir;ind;0.0;64000.0
1970;kir;irl;243000.0;4000.0
1970;kir;jpn;7674000.0;3243000.0
1970;kir;mar;0.0;8000.0
1970;kir;nzl;2904000.0;1248000.0
1970;kir;swe;0.0;50000.0
1970;kir;wld;25793000.0;23215000.0
1970;kir;wsm;1000.0;0.0
1970;kna;arg;65000.0;120000.0
1970;kna;aus;169000.0;781000.0
1970;kna;bhr;4000.0;0.0
1970;kna;bol;1000.0;0.0
1970;kna;bra;0.0;156000.0
1970;kna;can;3118000.0;13560000.0
1970;kna;col;3000.0;21000.0
1970;kna;dnk;17000.0;1979000.0
1970;kna;fin;337000.0;201000.0
1970;kna;fji;12000.0;0.0
1970;kna;gbr;27083000.0;35836000.0
1970;kna;guy;268000.0;1944000.0
1970;kna;hkg;0.0;1035000.0
1970;kna;jpn;1000.0;1355000.0
1970;kna;mar;5000.0;11000.0
1970;kna;mex;11000.0;225000.0
1970;kna;mlt;0.0;3000.0
1970;kna;naa;316000.0;52000.0
1970;kna;nzl;0.0;34000.0
1970;kna;pan;3000.0;0.0
1970;kna;per;0.0;1000.0
1970;kna;phl;7000.0;3000.0
1970;kna;tha;0.0;9000.0
1970;kna;tto;1830000.0;15744000.0
1970;kna;twn;0.0;760000.0
1970;kna;usa;6432000.0;33273000.0
1970;kna;ven;3000.0;9153000.0
1970;kna;wld;39688000.0;116256000.0
1970;kna;zmb;3000.0;0.0
1970;kor;afg;4000.0;0.0
1970;kor;alb;5000.0;0.0
1970;kor;are;8000.0;0.0
1970;kor;arg;396000.0;185000.0
1970;kor;aus;4293000.0;13734000.0
1970;kor;aut;4518000.0;230000.0
1970;kor;bel;1281000.0;12372000.0
1970;kor;ben;49000.0;24000.0
1970;kor;bfa;29000.0;0.0
1970;kor;bhr;62000.0;0.0
1970;kor;bol;3000.0;0.0
1970;kor;bra;86000.0;447000.0
1970;kor;brb;126000.0;0.0
1970;kor;caf;139000.0;47000.0
1970;kor;can;13953000.0;23163000.0
1970;kor;che;3020000.0;4684000.0
1970;kor;chl;30000.0;548000.0
1970;kor;chn;0.0;40000.0
1970;kor;civ;855000.0;9000.0
1970;kor;cmr;351000.0;0.0
1970;kor;cod;33000.0;0.0
1970;kor;cog;18000.0;1000.0
1970;kor;col;11000.0;197000.0
1970;kor;cri;2000.0;0.0
1970;kor;csk;73000.0;0.0
1970;kor;cub;41000.0;0.0
1970;kor;deu;17690000.0;67200000.0
1970;kor;dnk;674000.0;829000.0
1970;kor;dom;98000.0;0.0
1970;kor;dza;141000.0;0.0
1970;kor;ecu;63000.0;2000.0
1970;kor;egy;10000.0;49000.0
1970;kor;esp;2015000.0;159000.0
1970;kor;eth;548000.0;7000.0
1970;kor;fdr;17690000.0;67200000.0
1970;kor;fin;747000.0;242000.0
1970;kor;fji;2381000.0;0.0
1970;kor;fra;3491000.0;52237000.0
1970;kor;gab;43000.0;0.0
1970;kor;gbr;14954000.0;32796000.0
1970;kor;gha;2160000.0;0.0
1970;kor;gin;70000.0;0.0
1970;kor;gmb;2000.0;0.0
1970;kor;grc;351000.0;0.0
1970;kor;grl;3000.0;11000.0
1970;kor;gtm;5000.0;25000.0
1970;kor;guy;176000.0;3000.0
1970;kor;hkg;25687000.0;19712000.0
1970;kor;hti;25000.0;0.0
1970;kor;idn;2699000.0;19834000.0
1970;kor;ind;1110000.0;6073000.0
1970;kor;irl;857000.0;1000.0
1970;kor;irn;4203000.0;39487000.0
1970;kor;irq;291000.0;0.0
1970;kor;isl;98000.0;1156000.0
1970;kor;isr;205000.0;4015000.0
1970;kor;ita;12342000.0;19570000.0
1970;kor;jam;170000.0;76000.0
1970;kor;jor;233000.0;0.0
1970;kor;jpn;228991000.0;813001000.0
1970;kor;ken;961000.0;2000.0
1970;kor;khm;387000.0;1000.0
1970;kor;kwt;1344000.0;30677000.0
1970;kor;lao;12000.0;30000.0
1970;kor;lbn;146000.0;5000.0
1970;kor;lbr;111000.0;0.0
1970;kor;lby;217000.0;0.0
1970;kor;lka;417000.0;23000.0
1970;kor;mac;0.0;10000.0
1970;kor;mar;13000.0;1000.0
1970;kor;mdg;1000.0;0.0
1970;kor;mex;721000.0;864000.0
1970;kor;mli;33000.0;0.0
1970;kor;mlt;33000.0;0.0
1970;kor;mmr;1791000.0;35000.0
1970;kor;moz;47000.0;0.0
1970;kor;mwi;1000.0;0.0
1970;kor;mys;3575000.0;57790000.0
1970;kor;naa;1154000.0;0.0
1970;kor;ncl;1000.0;0.0
1970;kor;ner;49000.0;0.0
1970;kor;nga;6221000.0;3000.0
1970;kor;nic;0.0;56000.0
1970;kor;nld;5789000.0;23249000.0
1970;kor;nor;460000.0;113000.0
1970;kor;npl;81000.0;23000.0
1970;kor;nzl;875000.0;3198000.0
1970;kor;pak;3331000.0;659000.0
1970;kor;pan;80000.0;912000.0
1970;kor;per;38000.0;3505000.0
1970;kor;phl;1140000.0;41679000.0
1970;kor;png;380000.0;1081000.0
1970;kor;pol;0.0;2000.0
1970;kor;prt;12000.0;61000.0
1970;kor;pry;52000.0;0.0
1970;kor;sau;139000.0;38358000.0
1970;kor;sdn;85000.0;0.0
1970;kor;sen;492000.0;0.0
1970;kor;sgp;12973000.0;13540000.0
1970;kor;sle;16000.0;0.0
1970;kor;slv;1000.0;0.0
1970;kor;som;9000.0;0.0
1970;kor;sur;45000.0;0.0
1970;kor;swe;13429000.0;2755000.0
1970;kor;syr;977000.0;1000.0
1970;kor;tcd;160000.0;0.0
1970;kor;tgo;27000.0;0.0
1970;kor;tha;6199000.0;1714000.0
1970;kor;tto;208000.0;0.0
1970;kor;tun;1000.0;0.0
1970;kor;tur;15000.0;3000.0
1970;kor;twn;15163000.0;33937000.0
1970;kor;tza;123000.0;5000.0
1970;kor;uga;74000.0;14000.0
1970;kor;ury;25000.0;0.0
1970;kor;usa;370300000.0;584127000.0
1970;kor;ven;184000.0;1000.0
1970;kor;vnm;7282000.0;2084000.0
1970;kor;wld;816303000.0;1983422000.0
1970;kor;wsm;1650000.0;0.0
1970;kor;xxb;24000.0;4977000.0
1970;kor;xxe;1228000.0;16000.0
1970;kor;xxh;4000.0;134000.0
1970;kor;yar;0.0;106000.0
1970;kor;ymd;10000.0;0.0
1970;kor;yug;82000.0;37000.0
1970;kor;zaf;3934000.0;5022000.0
1970;kor;zmb;52000.0;446000.0
1970;kwt;afg;49000.0;8000.0
1970;kwt;are;11678000.0;155000.0
1970;kwt;arg;996000.0;569000.0
1970;kwt;aus;47315000.0;14743000.0
1970;kwt;aut;1000.0;2694000.0
1970;kwt;bel;90975000.0;7239000.0
1970;kwt;ben;26000.0;0.0
1970;kwt;bfa;53000.0;0.0
1970;kwt;bgr;216000.0;2383000.0
1970;kwt;bhr;1241000.0;134000.0
1970;kwt;bra;20708000.0;578000.0
1970;kwt;can;6741000.0;1950000.0
1970;kwt;che;11263000.0;9906000.0
1970;kwt;chl;3969000.0;0.0
1970;kwt;chn;2103000.0;20349000.0
1970;kwt;civ;176000.0;13000.0
1970;kwt;cmr;61000.0;181000.0
1970;kwt;cog;213000.0;0.0
1970;kwt;cri;0.0;18000.0
1970;kwt;csk;5000.0;3834000.0
1970;kwt;cub;0.0;22000.0
1970;kwt;cyp;15000.0;848000.0
1970;kwt;ddr;0.0;1926000.0
1970;kwt;deu;68428000.0;54223000.0
1970;kwt;dnk;46702000.0;8973000.0
1970;kwt;dza;1000.0;147000.0
1970;kwt;egy;1633000.0;2741000.0
1970;kwt;esp;32046000.0;2387000.0
1970;kwt;eth;151000.0;67000.0
1970;kwt;fdr;68428000.0;52297000.0
1970;kwt;fin;2000.0;387000.0
1970;kwt;fji;197000.0;0.0
1970;kwt;fra;177689000.0;29941000.0
1970;kwt;gbr;396938000.0;73916000.0
1970;kwt;gib;293000.0;0.0
1970;kwt;gin;1000.0;7000.0
1970;kwt;grc;19000.0;1219000.0
1970;kwt;gtm;0.0;264000.0
1970;kwt;guy;0.0;3000.0
1970;kwt;hkg;1732000.0;13243000.0
1970;kwt;hun;11000.0;3662000.0
1970;kwt;idn;2581000.0;49000.0
1970;kwt;ind;7685000.0;23345000.0
1970;kwt;irl;17647000.0;656000.0
1970;kwt;irn;6718000.0;10397000.0
1970;kwt;irq;8044000.0;8809000.0
1970;kwt;ita;236689000.0;30066000.0
1970;kwt;jam;0.0;22000.0
1970;kwt;jor;452000.0;5061000.0
1970;kwt;jpn;308327000.0;95042000.0
1970;kwt;ken;1340000.0;1558000.0
1970;kwt;khm;5000.0;23000.0
1970;kwt;kor;30677000.0;1344000.0
1970;kwt;lbn;1759000.0;27285000.0
1970;kwt;lby;2000.0;2000.0
1970;kwt;lka;3033000.0;5083000.0
1970;kwt;mar;43000.0;305000.0
1970;kwt;mdg;1114000.0;64000.0
1970;kwt;mex;2000.0;11000.0
1970;kwt;mli;32000.0;0.0
1970;kwt;mlt;1000.0;50000.0
1970;kwt;mmr;0.0;1130000.0
1970;kwt;mwi;0.0;44000.0
1970;kwt;mys;15493000.0;1257000.0
1970;kwt;nga;72000.0;4000.0
1970;kwt;nld;232361000.0;15457000.0
1970;kwt;nor;7000.0;804000.0
1970;kwt;nzl;26129000.0;242000.0
1970;kwt;omn;4443000.0;272000.0
1970;kwt;pak;1992000.0;9750000.0
1970;kwt;per;0.0;465000.0
1970;kwt;phl;27784000.0;142000.0
1970;kwt;pol;1000.0;2419000.0
1970;kwt;prt;0.0;11000.0
1970;kwt;pry;0.0;6000.0
1970;kwt;qat;2522000.0;40000.0
1970;kwt;rou;3000.0;6535000.0
1970;kwt;sau;10905000.0;1976000.0
1970;kwt;sdn;697000.0;193000.0
1970;kwt;sen;0.0;3000.0
1970;kwt;sgp;117767000.0;2161000.0
1970;kwt;som;299000.0;620000.0
1970;kwt;sun;31000.0;8601000.0
1970;kwt;swe;9929000.0;4488000.0
1970;kwt;syr;1378000.0;5227000.0
1970;kwt;tgo;5000.0;0.0
1970;kwt;tha;6409000.0;1754000.0
1970;kwt;tun;1000.0;9000.0
1970;kwt;tur;64000.0;1610000.0
1970;kwt;twn;45379000.0;5209000.0
1970;kwt;tza;371000.0;1019000.0
1970;kwt;uga;0.0;880000.0
1970;kwt;ury;9758000.0;11000.0
1970;kwt;usa;25405000.0;82809000.0
1970;kwt;ven;0.0;1000.0
1970;kwt;vnm;14000.0;0.0
1970;kwt;wld;2244583000.0;624684000.0
1970;kwt;xxe;5755000.0;0.0
1970;kwt;xxh;124200000.0;485000.0
1970;kwt;yar;25000.0;1000.0
1970;kwt;ymd;25576000.0;102000.0
1970;kwt;yug;6000.0;2408000.0
1970;kwt;zaf;3000.0;550000.0
1970;kwt;zmb;1000.0;13000.0
1970;lao;arg;0.0;1000.0
1970;lao;aus;0.0;637000.0
1970;lao;aut;0.0;43000.0
1970;lao;bel;3000.0;15000.0
1970;lao;bhr;0.0;1000.0
1970;lao;bra;0.0;11000.0
1970;lao;caf;0.0;78000.0
1970;lao;can;1517000.0;28000.0
1970;lao;che;128000.0;200000.0
1970;lao;chn;1000.0;252000.0
1970;lao;cod;0.0;25000.0
1970;lao;csk;0.0;861000.0
1970;lao;ddr;0.0;3000.0
1970;lao;deu;1000.0;2404000.0
1970;lao;dnk;16000.0;478000.0
1970;lao;dza;0.0;2000.0
1970;lao;egy;15000.0;0.0
1970;lao;esp;0.0;12000.0
1970;lao;fdr;1000.0;2401000.0
1970;lao;fin;0.0;2000.0
1970;lao;fio;163000.0;0.0
1970;lao;fji;0.0;20000.0
1970;lao;fra;97000.0;9144000.0
1970;lao;gbr;7000.0;2806000.0
1970;lao;guy;1000.0;0.0
1970;lao;hkg;214000.0;1655000.0
1970;lao;hun;0.0;1000.0
1970;lao;idn;38000.0;17391000.0
1970;lao;ind;0.0;209000.0
1970;lao;isr;8000.0;17000.0
1970;lao;ita;44000.0;863000.0
1970;lao;jpn;47000.0;16348000.0
1970;lao;khm;0.0;1000.0
1970;lao;kor;30000.0;12000.0
1970;lao;lka;0.0;2000.0
1970;lao;mac;0.0;2000.0
1970;lao;mar;0.0;13000.0
1970;lao;mex;0.0;13000.0
1970;lao;moz;0.0;441000.0
1970;lao;mys;1791000.0;109000.0
1970;lao;nld;0.0;437000.0
1970;lao;nzl;0.0;53000.0
1970;lao;pak;0.0;154000.0
1970;lao;phl;2000.0;114000.0
1970;lao;prt;0.0;7000.0
1970;lao;sen;0.0;108000.0
1970;lao;sgp;1223000.0;6258000.0
1970;lao;sun;0.0;91000.0
1970;lao;swe;0.0;41000.0
1970;lao;tha;1542000.0;23415000.0
1970;lao;tun;5000.0;0.0
1970;lao;twn;72000.0;1194000.0
1970;lao;usa;212000.0;27709000.0
1970;lao;vnm;1000.0;123000.0
1970;lao;wld;7179000.0;113825000.0
1970;lao;zaf;0.0;24000.0
1970;lao;zmb;1000.0;0.0
1970;lbn;afg;475000.0;2812000.0
1970;lbn;ago;123000.0;0.0
1970;lbn;arg;3000.0;2963000.0
1970;lbn;aus;163000.0;7126000.0
1970;lbn;aut;2716000.0;7884000.0
1970;lbn;bel;6408000.0;13653000.0
1970;lbn;bfa;0.0;61000.0
1970;lbn;bgr;395000.0;7208000.0
1970;lbn;bhr;2003000.0;199000.0
1970;lbn;bol;4000.0;0.0
1970;lbn;bra;42000.0;4389000.0
1970;lbn;can;870000.0;4958000.0
1970;lbn;che;1955000.0;10777000.0
1970;lbn;chl;0.0;162000.0
1970;lbn;chn;2000.0;9172000.0
1970;lbn;civ;119000.0;328000.0
1970;lbn;cmr;3000.0;389000.0
1970;lbn;cod;334000.0;638000.0
1970;lbn;cog;9000.0;76000.0
1970;lbn;col;0.0;23000.0
1970;lbn;cri;3000.0;0.0
1970;lbn;csk;2611000.0;11607000.0
1970;lbn;cub;0.0;262000.0
1970;lbn;cyp;2716000.0;861000.0
1970;lbn;ddr;1130000.0;2901000.0
1970;lbn;deu;7852000.0;63176000.0
1970;lbn;dnk;3284000.0;4185000.0
1970;lbn;dza;3253000.0;337000.0
1970;lbn;egy;8916000.0;3487000.0
1970;lbn;esp;2579000.0;7263000.0
1970;lbn;eth;352000.0;1044000.0
1970;lbn;fdr;6722000.0;60275000.0
1970;lbn;fin;307000.0;2751000.0
1970;lbn;fio;1000.0;0.0
1970;lbn;fra;3343000.0;47701000.0
1970;lbn;gab;2000.0;668000.0
1970;lbn;gbr;6220000.0;42041000.0
1970;lbn;gha;1012000.0;424000.0
1970;lbn;gin;5000.0;103000.0
1970;lbn;glp;5000.0;0.0
1970;lbn;gmb;3000.0;0.0
1970;lbn;grc;2967000.0;4212000.0
1970;lbn;gtm;0.0;206000.0
1970;lbn;guy;8000.0;0.0
1970;lbn;hkg;121000.0;2476000.0
1970;lbn;hnd;2000.0;0.0
1970;lbn;hun;561000.0;7154000.0
1970;lbn;idn;3000.0;6000.0
1970;lbn;ind;47000.0;2077000.0
1970;lbn;irl;11000.0;1047000.0
1970;lbn;irn;174000.0;2031000.0
1970;lbn;irq;11998000.0;29439000.0
1970;lbn;ita;8521000.0;45788000.0
1970;lbn;jor;15522000.0;5984000.0
1970;lbn;jpn;1725000.0;26459000.0
1970;lbn;ken;46000.0;107000.0
1970;lbn;kor;5000.0;146000.0
1970;lbn;kwt;27285000.0;1759000.0
1970;lbn;lbr;592000.0;11000.0
1970;lbn;lby;15761000.0;288000.0
1970;lbn;lka;264000.0;1501000.0
1970;lbn;mar;504000.0;1204000.0
1970;lbn;mdg;2000.0;47000.0
1970;lbn;mex;5000.0;385000.0
1970;lbn;mli;10000.0;221000.0
1970;lbn;mlt;252000.0;90000.0
1970;lbn;mmr;5000.0;7000.0
1970;lbn;moz;54000.0;42000.0
1970;lbn;mrt;9000.0;1000.0
1970;lbn;mwi;2000.0;0.0
1970;lbn;mys;6000.0;1084000.0
1970;lbn;naa;9000.0;0.0
1970;lbn;ner;4000.0;4000.0
1970;lbn;nga;2677000.0;888000.0
1970;lbn;nld;30261000.0;12966000.0
1970;lbn;nor;891000.0;1263000.0
1970;lbn;nzl;2000.0;247000.0
1970;lbn;pak;106000.0;470000.0
1970;lbn;pan;9000.0;0.0
1970;lbn;per;0.0;399000.0
1970;lbn;phl;27000.0;72000.0
1970;lbn;pol;730000.0;2703000.0
1970;lbn;prk;0.0;23000.0
1970;lbn;prt;1196000.0;1469000.0
1970;lbn;pry;0.0;143000.0
1970;lbn;rou;620000.0;13020000.0
1970;lbn;sau;30409000.0;7035000.0
1970;lbn;sdn;1434000.0;973000.0
1970;lbn;sen;129000.0;137000.0
1970;lbn;sgp;53000.0;1164000.0
1970;lbn;sle;280000.0;22000.0
1970;lbn;slv;1000.0;0.0
1970;lbn;som;12000.0;27000.0
1970;lbn;sun;3621000.0;13778000.0
1970;lbn;swe;2421000.0;9014000.0
1970;lbn;syr;14090000.0;24389000.0
1970;lbn;tcd;267000.0;38000.0
1970;lbn;tgo;6000.0;0.0
1970;lbn;tha;4000.0;157000.0
1970;lbn;tto;16000.0;0.0
1970;lbn;tun;85000.0;22000.0
1970;lbn;tur;4680000.0;10332000.0
1970;lbn;twn;116000.0;2919000.0
1970;lbn;tza;9000.0;342000.0
1970;lbn;uga;17000.0;0.0
1970;lbn;usa;12844000.0;68404000.0
1970;lbn;ven;87000.0;9000.0
1970;lbn;wld;275049000.0;569073000.0
1970;lbn;xxh;16317000.0;0.0
1970;lbn;yar;43000.0;19000.0
1970;lbn;yug;6706000.0;2604000.0
1970;lbn;zaf;297000.0;975000.0
1970;lbn;zmb;23000.0;546000.0
1970;lbr;ago;0.0;6000.0
1970;lbr;arg;588000.0;38000.0
1970;lbr;aus;2000.0;29000.0
1970;lbr;aut;17000.0;74000.0
1970;lbr;bdi;0.0;3000.0
1970;lbr;bel;24157000.0;1838000.0
1970;lbr;ben;16000.0;2000.0
1970;lbr;bfa;1000.0;8000.0
1970;lbr;bgr;0.0;21000.0
1970;lbr;bra;0.0;230000.0
1970;lbr;caf;2000.0;0.0
1970;lbr;can;630000.0;1088000.0
1970;lbr;che;216000.0;1517000.0
1970;lbr;chl;39000.0;0.0
1970;lbr;chn;3000.0;1713000.0
1970;lbr;civ;61000.0;636000.0
1970;lbr;cmr;49000.0;3000.0
1970;lbr;cod;73000.0;8000.0
1970;lbr;cog;2000.0;23000.0
1970;lbr;csk;0.0;583000.0
1970;lbr;ddr;0.0;173000.0
1970;lbr;deu;89599000.0;21924000.0
1970;lbr;dnk;575000.0;1731000.0
1970;lbr;egy;33000.0;715000.0
1970;lbr;esp;2932000.0;733000.0
1970;lbr;fdr;89599000.0;21751000.0
1970;lbr;fin;4000.0;321000.0
1970;lbr;fra;20673000.0;3727000.0
1970;lbr;gab;0.0;68000.0
1970;lbr;gbr;22957000.0;11056000.0
1970;lbr;gha;97000.0;119000.0
1970;lbr;gin;430000.0;117000.0
1970;lbr;gnb;0.0;3000.0
1970;lbr;grc;8510000.0;15000.0
1970;lbr;guy;2000.0;0.0
1970;lbr;hkg;13000.0;1728000.0
1970;lbr;hun;0.0;336000.0
1970;lbr;idn;0.0;4000.0
1970;lbr;ind;54000.0;613000.0
1970;lbr;irl;8000.0;4000.0
1970;lbr;irn;0.0;10000.0
1970;lbr;irq;0.0;1000.0
1970;lbr;isr;1215000.0;19000.0
1970;lbr;ita;35485000.0;3662000.0
1970;lbr;jpn;31918000.0;12212000.0
1970;lbr;ken;5000.0;40000.0
1970;lbr;kor;0.0;111000.0
1970;lbr;lbn;11000.0;592000.0
1970;lbr;mar;4000.0;220000.0
1970;lbr;mex;32000.0;253000.0
1970;lbr;mli;22000.0;125000.0
1970;lbr;mlt;1000.0;3000.0
1970;lbr;mrt;1107000.0;0.0
1970;lbr;mwi;0.0;257000.0
1970;lbr;mys;3000.0;131000.0
1970;lbr;naa;0.0;2024000.0
1970;lbr;ner;1000.0;2000.0
1970;lbr;nga;63000.0;722000.0
1970;lbr;nld;18114000.0;16194000.0
1970;lbr;nor;1407000.0;2691000.0
1970;lbr;nzl;0.0;21000.0
1970;lbr;omn;0.0;2000.0
1970;lbr;pak;0.0;46000.0
1970;lbr;phl;0.0;1000.0
1970;lbr;pol;185000.0;1641000.0
1970;lbr;prt;4000.0;5000.0
1970;lbr;rou;0.0;34000.0
1970;lbr;sau;2000.0;1807000.0
1970;lbr;sdn;0.0;3000.0
1970;lbr;sen;2000.0;352000.0
1970;lbr;sgp;327000.0;8097000.0
1970;lbr;sle;97000.0;339000.0
1970;lbr;sun;0.0;300000.0
1970;lbr;swe;1730000.0;5342000.0
1970;lbr;syr;0.0;1000.0
1970;lbr;tcd;3000.0;0.0
1970;lbr;tgo;34000.0;1000.0
1970;lbr;tha;1000.0;0.0
1970;lbr;tto;0.0;189000.0
1970;lbr;tun;2000.0;0.0
1970;lbr;tur;162000.0;5000.0
1970;lbr;twn;2491000.0;1736000.0
1970;lbr;tza;4000.0;0.0
1970;lbr;usa;50898000.0;46405000.0
1970;lbr;ven;20000.0;920000.0
1970;lbr;wld;317344000.0;158157000.0
1970;lbr;xxh;0.0;521000.0
1970;lbr;yug;251000.0;73000.0
1970;lbr;zaf;0.0;9000.0
1970;lbr;zmb;0.0;4000.0
1970;lby;alb;0.0;26000.0
1970;lby;arg;0.0;2022000.0
1970;lby;aus;0.0;2196000.0
1970;lby;aut;8230000.0;2597000.0
1970;lby;bel;116461000.0;6195000.0
1970;lby;ben;110000.0;0.0
1970;lby;bgr;0.0;6037000.0
1970;lby;bhs;28972000.0;0.0
1970;lby;bra;9942000.0;195000.0
1970;lby;caf;0.0;10000.0
1970;lby;can;10000.0;532000.0
1970;lby;che;56798000.0;5449000.0
1970;lby;chn;0.0;10585000.0
1970;lby;civ;22000.0;220000.0
1970;lby;cod;1000.0;0.0
1970;lby;cog;0.0;34000.0
1970;lby;col;0.0;162000.0
1970;lby;cri;0.0;274000.0
1970;lby;csk;0.0;4342000.0
1970;lby;cub;0.0;29000.0
1970;lby;cyp;0.0;1094000.0
1970;lby;ddr;0.0;860000.0
1970;lby;deu;664279000.0;51120000.0
1970;lby;dnk;24497000.0;3062000.0
1970;lby;dza;1000.0;457000.0
1970;lby;ecu;0.0;973000.0
1970;lby;egy;236000.0;4460000.0
1970;lby;esp;117170000.0;4410000.0
1970;lby;eth;0.0;18000.0
1970;lby;fdr;664279000.0;50260000.0
1970;lby;fin;601000.0;658000.0
1970;lby;fra;274144000.0;35068000.0
1970;lby;gbr;400501000.0;52015000.0
1970;lby;gha;11000.0;0.0
1970;lby;grc;3425000.0;6476000.0
1970;lby;guy;0.0;4000.0
1970;lby;hkg;0.0;7399000.0
1970;lby;hun;0.0;4079000.0
1970;lby;idn;0.0;3000.0
1970;lby;ind;1000.0;2423000.0
1970;lby;irl;664000.0;637000.0
1970;lby;irn;0.0;291000.0
1970;lby;isl;0.0;3000.0
1970;lby;ita;517120000.0;119598000.0
1970;lby;jor;0.0;20000.0
1970;lby;jpn;5289000.0;31129000.0
1970;lby;ken;0.0;492000.0
1970;lby;khm;0.0;5000.0
1970;lby;kor;0.0;217000.0
1970;lby;kwt;2000.0;2000.0
1970;lby;lbn;288000.0;15761000.0
1970;lby;lka;0.0;5860000.0
1970;lby;mar;0.0;3181000.0
1970;lby;mdg;13000.0;198000.0
1970;lby;mex;38000.0;155000.0
1970;lby;mli;0.0;3000.0
1970;lby;mlt;23000.0;813000.0
1970;lby;mys;2000.0;21000.0
1970;lby;naa;1931000.0;1000.0
1970;lby;ner;20000.0;389000.0
1970;lby;nga;7000.0;5000.0
1970;lby;nld;214821000.0;17334000.0
1970;lby;nor;7000.0;658000.0
1970;lby;npl;0.0;10000.0
1970;lby;nzl;0.0;52000.0
1970;lby;pak;1000.0;624000.0
1970;lby;per;0.0;14000.0
1970;lby;phl;0.0;18000.0
1970;lby;pol;0.0;6233000.0
1970;lby;prt;0.0;3000.0
1970;lby;rou;734000.0;12468000.0
1970;lby;sau;0.0;37000.0
1970;lby;sdn;4000.0;208000.0
1970;lby;sen;0.0;6000.0
1970;lby;sgp;335000.0;815000.0
1970;lby;slv;0.0;22000.0
1970;lby;som;0.0;49000.0
1970;lby;sun;0.0;9868000.0
1970;lby;swe;6485000.0;2431000.0
1970;lby;syr;4000.0;1609000.0
1970;lby;tcd;91000.0;3026000.0
1970;lby;tgo;0.0;73000.0
1970;lby;tha;0.0;6000.0
1970;lby;tto;37891000.0;2000.0
1970;lby;tun;34000.0;16645000.0
1970;lby;tur;7833000.0;1806000.0
1970;lby;twn;23000.0;2990000.0
1970;lby;tza;0.0;19000.0
1970;lby;uga;0.0;150000.0
1970;lby;ury;0.0;52000.0
1970;lby;usa;71367000.0;76459000.0
1970;lby;ven;5000.0;278000.0
1970;lby;wld;2571868000.0;554687000.0
1970;lby;ymd;0.0;78000.0
1970;lby;yug;1424000.0;7238000.0
1970;lby;zaf;0.0;1000.0
1970;lka;afg;50000.0;0.0
1970;lka;alb;342000.0;0.0
1970;lka;are;141000.0;700000.0
1970;lka;arg;189000.0;3640000.0
1970;lka;aus;12183000.0;18900000.0
1970;lka;aut;1325000.0;428000.0
1970;lka;bel;1172000.0;2771000.0
1970;lka;ben;1000.0;0.0
1970;lka;bgr;344000.0;3593000.0
1970;lka;bhr;830000.0;554000.0
1970;lka;blz;9000.0;0.0
1970;lka;bol;304000.0;0.0
1970;lka;bra;0.0;116000.0
1970;lka;brb;71000.0;0.0
1970;lka;can;8418000.0;11552000.0
1970;lka;che;2128000.0;1648000.0
1970;lka;chl;435000.0;0.0
1970;lka;chn;42256000.0;50848000.0
1970;lka;civ;10000.0;0.0
1970;lka;cog;1000.0;0.0
1970;lka;col;331000.0;1000.0
1970;lka;cri;10000.0;0.0
1970;lka;csk;586000.0;1617000.0
1970;lka;cub;0.0;6109000.0
1970;lka;cyp;49000.0;14000.0
1970;lka;ddr;3223000.0;1689000.0
1970;lka;deu;16089000.0;25098000.0
1970;lka;dji;30000.0;0.0
1970;lka;dnk;1756000.0;2491000.0
1970;lka;dza;1000.0;0.0
1970;lka;ecu;194000.0;0.0
1970;lka;egy;10245000.0;6729000.0
1970;lka;esp;1650000.0;119000.0
1970;lka;eth;620000.0;2613000.0
1970;lka;fdr;12866000.0;23409000.0
1970;lka;fin;178000.0;154000.0
1970;lka;fio;4000.0;0.0
1970;lka;fji;725000.0;0.0
1970;lka;fra;6514000.0;10344000.0
1970;lka;gab;2000.0;0.0
1970;lka;gbr;87722000.0;54479000.0
1970;lka;gha;32000.0;11000.0
1970;lka;gib;1000.0;0.0
1970;lka;glp;1000.0;0.0
1970;lka;gmb;2000.0;0.0
1970;lka;grc;310000.0;1000.0
1970;lka;gtm;85000.0;0.0
1970;lka;guf;1000.0;0.0
1970;lka;guy;72000.0;0.0
1970;lka;hkg;1240000.0;6414000.0
1970;lka;hnd;59000.0;0.0
1970;lka;hun;342000.0;2409000.0
1970;lka;idn;89000.0;3088000.0
1970;lka;ind;3743000.0;33265000.0
1970;lka;irl;2729000.0;242000.0
1970;lka;irn;4736000.0;3175000.0
1970;lka;irq;9329000.0;1222000.0
1970;lka;isl;14000.0;3000.0
1970;lka;isr;491000.0;55000.0
1970;lka;ita;7698000.0;4352000.0
1970;lka;jam;63000.0;3000.0
1970;lka;jor;564000.0;76000.0
1970;lka;jpn;17373000.0;33879000.0
1970;lka;ken;99000.0;89000.0
1970;lka;kor;23000.0;417000.0
1970;lka;kwt;5083000.0;3033000.0
1970;lka;lao;2000.0;0.0
1970;lka;lbn;1501000.0;264000.0
1970;lka;lby;5860000.0;0.0
1970;lka;mar;132000.0;1093000.0
1970;lka;mdg;15000.0;0.0
1970;lka;mex;2416000.0;16000.0
1970;lka;mlt;144000.0;1000.0
1970;lka;mmr;478000.0;14953000.0
1970;lka;moz;110000.0;0.0
1970;lka;mrt;1000.0;0.0
1970;lka;mus;70000.0;0.0
1970;lka;mwi;42000.0;0.0
1970;lka;mys;622000.0;2195000.0
1970;lka;naa;1000.0;0.0
1970;lka;ncl;1000.0;0.0
1970;lka;nga;851000.0;10000.0
1970;lka;nic;52000.0;0.0
1970;lka;nld;4824000.0;4265000.0
1970;lka;nor;466000.0;559000.0
1970;lka;nzl;6347000.0;3433000.0
1970;lka;omn;43000.0;0.0
1970;lka;pak;6294000.0;9639000.0
1970;lka;pan;11000.0;0.0
1970;lka;per;541000.0;94000.0
1970;lka;phl;18000.0;53000.0
1970;lka;pol;6830000.0;1904000.0
1970;lka;prk;0.0;68000.0
1970;lka;prt;405000.0;242000.0
1970;lka;pry;1000.0;0.0
1970;lka;rou;3199000.0;2001000.0
1970;lka;sau;6374000.0;132000.0
1970;lka;sdn;1986000.0;2000.0
1970;lka;sgp;2227000.0;5163000.0
1970;lka;sle;1000.0;0.0
1970;lka;slv;48000.0;0.0
1970;lka;som;472000.0;0.0
1970;lka;sun;13518000.0;3721000.0
1970;lka;swe;4948000.0;1293000.0
1970;lka;syc;7000.0;0.0
1970;lka;syr;1831000.0;0.0
1970;lka;tcd;2000.0;0.0
1970;lka;tha;128000.0;4921000.0
1970;lka;tto;39000.0;0.0
1970;lka;tun;2050000.0;268000.0
1970;lka;tur;6000.0;4245000.0
1970;lka;twn;427000.0;427000.0
1970;lka;tza;25000.0;35000.0
1970;lka;uga;1000.0;243000.0
1970;lka;ury;176000.0;0.0
1970;lka;usa;26401000.0;22154000.0
1970;lka;ven;70000.0;0.0
1970;lka;wld;371089000.0;386595000.0
1970;lka;wsm;17000.0;0.0
1970;lka;xxb;52000.0;0.0
1970;lka;xxe;2000.0;0.0
1970;lka;yar;634000.0;0.0
1970;lka;ymd;3066000.0;803000.0
1970;lka;yug;547000.0;547000.0
1970;lka;zaf;13507000.0;5295000.0
1970;lka;zmb;131000.0;304000.0
1970;lka;zwe;25000.0;0.0
1970;mac;arg;0.0;21000.0
1970;mac;aus;42000.0;7000.0
1970;mac;aut;105000.0;2000.0
1970;mac;bel;274000.0;6000.0
1970;mac;bhr;1000.0;0.0
1970;mac;bra;12000.0;0.0
1970;mac;brb;2000.0;0.0
1970;mac;che;277000.0;18000.0
1970;mac;cod;1000.0;0.0
1970;mac;deu;10696000.0;89000.0
1970;mac;dnk;1091000.0;26000.0
1970;mac;esp;269000.0;7000.0
1970;mac;fdr;10696000.0;89000.0
1970;mac;fin;149000.0;0.0
1970;mac;fio;260000.0;0.0
1970;mac;fji;5000.0;0.0
1970;mac;fra;7085000.0;32000.0
1970;mac;gbr;37000.0;49000.0
1970;mac;hkg;14192000.0;4641000.0
1970;mac;irl;2000.0;0.0
1970;mac;ita;2034000.0;52000.0
1970;mac;jor;1000.0;0.0
1970;mac;jpn;1017000.0;457000.0
1970;mac;kor;10000.0;0.0
1970;mac;lao;2000.0;0.0
1970;mac;mex;3000.0;0.0
1970;mac;naa;1000.0;0.0
1970;mac;nld;1616000.0;129000.0
1970;mac;nor;372000.0;12000.0
1970;mac;nzl;2000.0;9000.0
1970;mac;per;6000.0;0.0
1970;mac;phl;45000.0;0.0
1970;mac;prt;5439000.0;585000.0
1970;mac;swe;2859000.0;13000.0
1970;mac;tha;66000.0;0.0
1970;mac;twn;15000.0;5000.0
1970;mac;usa;4346000.0;777000.0
1970;mac;ven;3000.0;0.0
1970;mac;wld;52339000.0;6937000.0
1970;mac;zmb;2000.0;0.0
1970;mar;ago;2000.0;154000.0
1970;mar;alb;672000.0;0.0
1970;mar;arg;61000.0;52000.0
1970;mar;aus;886000.0;86000.0
1970;mar;aut;1589000.0;3864000.0
1970;mar;bel;24729000.0;19945000.0
1970;mar;ben;339000.0;122000.0
1970;mar;bfa;81000.0;0.0
1970;mar;bgr;2606000.0;3261000.0
1970;mar;bhr;8000.0;1000.0
1970;mar;blz;18000.0;2000.0
1970;mar;bol;27000.0;0.0
1970;mar;bra;978000.0;4100000.0
1970;mar;brb;4000.0;0.0
1970;mar;caf;136000.0;241000.0
1970;mar;can;328000.0;5815000.0
1970;mar;che;3457000.0;5366000.0
1970;mar;chl;297000.0;25000.0
1970;mar;chn;7230000.0;11002000.0
1970;mar;civ;2212000.0;7869000.0
1970;mar;cmr;780000.0;1751000.0
1970;mar;cod;160000.0;326000.0
1970;mar;cog;126000.0;68000.0
1970;mar;col;196000.0;452000.0
1970;mar;cri;47000.0;0.0
1970;mar;csk;5710000.0;2774000.0
1970;mar;cub;3982000.0;12307000.0
1970;mar;cyp;1901000.0;21000.0
1970;mar;ddr;2482000.0;3917000.0
1970;mar;deu;74336000.0;63911000.0
1970;mar;dji;15000.0;0.0
1970;mar;dnk;4431000.0;2510000.0
1970;mar;dom;13000.0;319000.0
1970;mar;dza;12991000.0;13329000.0
1970;mar;ecu;2000.0;18000.0
1970;mar;egy;306000.0;117000.0
1970;mar;esp;26299000.0;20508000.0
1970;mar;eth;2000.0;21000.0
1970;mar;fdr;71854000.0;59994000.0
1970;mar;fin;2639000.0;2892000.0
1970;mar;fio;1232000.0;0.0
1970;mar;fji;57000.0;0.0
1970;mar;fra;216172000.0;212198000.0
1970;mar;gab;715000.0;1378000.0
1970;mar;gbr;38676000.0;31780000.0
1970;mar;gha;1653000.0;243000.0
1970;mar;gib;724000.0;42000.0
1970;mar;gin;20000.0;0.0
1970;mar;glp;1207000.0;0.0
1970;mar;gmb;30000.0;0.0
1970;mar;grc;6453000.0;688000.0
1970;mar;gtm;0.0;6000.0
1970;mar;guf;42000.0;0.0
1970;mar;guy;29000.0;206000.0
1970;mar;hkg;67000.0;3489000.0
1970;mar;hnd;12000.0;0.0
1970;mar;hti;2000.0;47000.0
1970;mar;hun;3487000.0;1377000.0
1970;mar;idn;0.0;960000.0
1970;mar;ind;8709000.0;1872000.0
1970;mar;irl;6559000.0;1338000.0
1970;mar;irn;58000.0;1000.0
1970;mar;irq;138000.0;2000.0
1970;mar;isl;19000.0;21000.0
1970;mar;ita;43322000.0;36884000.0
1970;mar;jam;1000.0;0.0
1970;mar;jor;412000.0;0.0
1970;mar;jpn;18054000.0;13356000.0
1970;mar;ken;126000.0;27000.0
1970;mar;khm;0.0;13000.0
1970;mar;kir;8000.0;0.0
1970;mar;kna;11000.0;5000.0
1970;mar;kor;1000.0;13000.0
1970;mar;kwt;305000.0;43000.0
1970;mar;lao;13000.0;0.0
1970;mar;lbn;1204000.0;504000.0
1970;mar;lbr;220000.0;4000.0
1970;mar;lby;3181000.0;0.0
1970;mar;lka;1093000.0;132000.0
1970;mar;mdg;541000.0;293000.0
1970;mar;mex;1000.0;397000.0
1970;mar;mli;95000.0;24000.0
1970;mar;mlt;1123000.0;91000.0
1970;mar;mmr;5000.0;4000.0
1970;mar;moz;9000.0;2000.0
1970;mar;mrt;164000.0;0.0
1970;mar;mus;127000.0;0.0
1970;mar;mys;419000.0;5875000.0
1970;mar;naa;5000.0;269000.0
1970;mar;ncl;221000.0;0.0
1970;mar;ner;164000.0;1000.0
1970;mar;nga;295000.0;34000.0
1970;mar;nic;15000.0;15000.0
1970;mar;nld;19554000.0;19047000.0
1970;mar;nor;4926000.0;1956000.0
1970;mar;nzl;20000.0;399000.0
1970;mar;omn;1000.0;0.0
1970;mar;pak;26000.0;2050000.0
1970;mar;pan;6000.0;0.0
1970;mar;per;5000.0;0.0
1970;mar;phl;481000.0;208000.0
1970;mar;pol;9831000.0;14882000.0
1970;mar;prt;4510000.0;7558000.0
1970;mar;pry;458000.0;68000.0
1970;mar;qat;1000.0;0.0
1970;mar;rou;684000.0;1888000.0
1970;mar;sau;339000.0;5000.0
1970;mar;sen;1548000.0;308000.0
1970;mar;sgp;660000.0;183000.0
1970;mar;sle;136000.0;32000.0
1970;mar;slv;53000.0;0.0
1970;mar;som;9000.0;1000.0
1970;mar;spm;2000.0;0.0
1970;mar;sun;13973000.0;32785000.0
1970;mar;sur;1000.0;2000.0
1970;mar;swe;10664000.0;16784000.0
1970;mar;syc;1000.0;0.0
1970;mar;syr;424000.0;160000.0
1970;mar;tcd;50000.0;150000.0
1970;mar;tgo;654000.0;35000.0
1970;mar;tha;358000.0;221000.0
1970;mar;tto;99000.0;194000.0
1970;mar;tun;859000.0;1259000.0
1970;mar;tur;25000.0;537000.0
1970;mar;twn;290000.0;1692000.0
1970;mar;tza;4000.0;0.0
1970;mar;uga;0.0;427000.0
1970;mar;ury;73000.0;0.0
1970;mar;usa;9617000.0;77523000.0
1970;mar;ven;230000.0;1367000.0
1970;mar;vnm;714000.0;140000.0
1970;mar;wld;627531000.0;684202000.0
1970;mar;xxb;2000.0;0.0
1970;mar;xxh;2531000.0;576000.0
1970;mar;yar;0.0;2000.0
1970;mar;ymd;2000.0;15000.0
1970;mar;yug;6855000.0;4138000.0
1970;mar;zmb;63000.0;747000.0
1970;mdg;arg;3000.0;5000.0
1970;mdg;aus;407000.0;294000.0
1970;mdg;aut;178000.0;39000.0
1970;mdg;bdi;0.0;3000.0
1970;mdg;bel;380000.0;5563000.0
1970;mdg;ben;12000.0;19000.0
1970;mdg;bfa;99000.0;0.0
1970;mdg;bgr;0.0;1000.0
1970;mdg;bhr;13000.0;37000.0
1970;mdg;bol;7000.0;0.0
1970;mdg;bra;10000.0;83000.0
1970;mdg;can;385000.0;41000.0
1970;mdg;che;631000.0;494000.0
1970;mdg;chl;1000.0;0.0
1970;mdg;civ;2351000.0;384000.0
1970;mdg;cmr;4000.0;18000.0
1970;mdg;cod;54000.0;0.0
1970;mdg;cog;1000.0;26000.0
1970;mdg;col;7000.0;0.0
1970;mdg;cri;2000.0;0.0
1970;mdg;csk;0.0;59000.0
1970;mdg;ddr;0.0;104000.0
1970;mdg;deu;6160000.0;15534000.0
1970;mdg;dji;94000.0;0.0
1970;mdg;dnk;291000.0;244000.0
1970;mdg;dza;1203000.0;1633000.0
1970;mdg;ecu;2000.0;0.0
1970;mdg;egy;0.0;1250000.0
1970;mdg;esp;267000.0;243000.0
1970;mdg;eth;2000.0;0.0
1970;mdg;fdr;6160000.0;15430000.0
1970;mdg;fin;81000.0;34000.0
1970;mdg;fio;18871000.0;477000.0
1970;mdg;fji;5000.0;0.0
1970;mdg;fra;53306000.0;93126000.0
1970;mdg;gab;7000.0;277000.0
1970;mdg;gbr;3212000.0;3013000.0
1970;mdg;gin;2000.0;0.0
1970;mdg;glp;322000.0;2000.0
1970;mdg;grc;418000.0;7000.0
1970;mdg;gtm;6000.0;0.0
1970;mdg;guf;9000.0;0.0
1970;mdg;hkg;53000.0;1036000.0
1970;mdg;hnd;2000.0;0.0
1970;mdg;hun;29000.0;27000.0
1970;mdg;idn;41000.0;25000.0
1970;mdg;ind;236000.0;237000.0
1970;mdg;irl;4000.0;2000.0
1970;mdg;irn;19000.0;800000.0
1970;mdg;isr;5000.0;219000.0
1970;mdg;ita;4001000.0;10074000.0
1970;mdg;jpn;6700000.0;4661000.0
1970;mdg;ken;285000.0;394000.0
1970;mdg;khm;0.0;1000.0
1970;mdg;kor;0.0;1000.0
1970;mdg;kwt;64000.0;1114000.0
1970;mdg;lbn;47000.0;2000.0
1970;mdg;lby;198000.0;13000.0
1970;mdg;lka;0.0;15000.0
1970;mdg;mar;293000.0;541000.0
1970;mdg;mex;0.0;4000.0
1970;mdg;mli;0.0;2000.0
1970;mdg;mlt;11000.0;0.0
1970;mdg;mmr;0.0;1154000.0
1970;mdg;mrt;1000.0;0.0
1970;mdg;mus;646000.0;157000.0
1970;mdg;mwi;0.0;76000.0
1970;mdg;mys;1000.0;63000.0
1970;mdg;ncl;634000.0;3000.0
1970;mdg;ner;114000.0;0.0
1970;mdg;nga;60000.0;1000.0
1970;mdg;nld;878000.0;4216000.0
1970;mdg;nor;140000.0;61000.0
1970;mdg;nzl;1000.0;7000.0
1970;mdg;pak;41000.0;109000.0
1970;mdg;per;27000.0;0.0
1970;mdg;pol;173000.0;48000.0
1970;mdg;prt;315000.0;54000.0
1970;mdg;pry;0.0;167000.0
1970;mdg;qat;0.0;5898000.0
1970;mdg;rou;0.0;56000.0
1970;mdg;sau;61000.0;1652000.0
1970;mdg;sen;2790000.0;839000.0
1970;mdg;sgp;11029000.0;79000.0
1970;mdg;som;0.0;1000.0
1970;mdg;sun;494000.0;0.0
1970;mdg;swe;143000.0;734000.0
1970;mdg;syr;28000.0;0.0
1970;mdg;tha;4000.0;309000.0
1970;mdg;tun;366000.0;20000.0
1970;mdg;tur;14000.0;1000.0
1970;mdg;twn;79000.0;304000.0
1970;mdg;tza;1000.0;9000.0
1970;mdg;uga;2000.0;6000.0
1970;mdg;usa;31723000.0;9675000.0
1970;mdg;ven;82000.0;0.0
1970;mdg;vnm;0.0;9000.0
1970;mdg;wld;155340000.0;170447000.0
1970;mdg;xxe;9000.0;0.0
1970;mdg;xxh;4417000.0;2660000.0
1970;mdg;ymd;119000.0;0.0
1970;mdg;yug;157000.0;5000.0
1970;mex;arg;14030000.0;14281000.0
1970;mex;aus;4807000.0;11054000.0
1970;mex;aut;3580000.0;1901000.0
1970;mex;bel;5958000.0;21346000.0
1970;mex;ben;0.0;28000.0
1970;mex;bhr;196000.0;0.0
1970;mex;bhs;2112000.0;403000.0
1970;mex;blz;82000.0;197000.0
1970;mex;bmu;43000.0;634000.0
1970;mex;bol;430000.0;724000.0
1970;mex;bra;17172000.0;15793000.0
1970;mex;brb;66000.0;1000.0
1970;mex;can;45335000.0;49426000.0
1970;mex;che;9905000.0;73966000.0
1970;mex;chl;18669000.0;10831000.0
1970;mex;chn;0.0;2000.0
1970;mex;civ;2000.0;86000.0
1970;mex;cmr;2000.0;192000.0
1970;mex;cod;26000.0;130000.0
1970;mex;cog;1000.0;0.0
1970;mex;col;15886000.0;879000.0
1970;mex;cri;6569000.0;325000.0
1970;mex;csk;196000.0;3400000.0
1970;mex;cub;64000.0;6000.0
1970;mex;cyp;8000.0;0.0
1970;mex;ddr;468000.0;1311000.0
1970;mex;deu;45995000.0;186215000.0
1970;mex;dnk;1840000.0;4484000.0
1970;mex;dom;1203000.0;4000.0
1970;mex;dza;103000.0;0.0
1970;mex;ecu;1661000.0;504000.0
1970;mex;egy;2000.0;230000.0
1970;mex;esp;22306000.0;30255000.0
1970;mex;eth;22000.0;0.0
1970;mex;fdr;45527000.0;184904000.0
1970;mex;fin;1530000.0;6203000.0
1970;mex;fji;3000.0;0.0
1970;mex;fra;17411000.0;104571000.0
1970;mex;gab;0.0;17000.0
1970;mex;gbr;14676000.0;71492000.0
1970;mex;gha;37000.0;0.0
1970;mex;glp;46000.0;0.0
1970;mex;grc;487000.0;28000.0
1970;mex;gtm;8602000.0;998000.0
1970;mex;guf;1000.0;0.0
1970;mex;guy;322000.0;129000.0
1970;mex;hkg;1761000.0;3822000.0
1970;mex;hnd;2793000.0;28000.0
1970;mex;hti;510000.0;0.0
1970;mex;hun;1031000.0;590000.0
1970;mex;idn;2000.0;8000.0
1970;mex;ind;956000.0;1143000.0
1970;mex;irl;303000.0;1861000.0
1970;mex;irn;5000.0;104000.0
1970;mex;irq;34000.0;32000.0
1970;mex;isl;3000.0;12000.0
1970;mex;isr;267000.0;1243000.0
1970;mex;ita;40270000.0;39385000.0
1970;mex;jam;688000.0;10000.0
1970;mex;jpn;151222000.0;86003000.0
1970;mex;ken;3000.0;0.0
1970;mex;khm;0.0;4000.0
1970;mex;kna;225000.0;11000.0
1970;mex;kor;864000.0;721000.0
1970;mex;kwt;11000.0;2000.0
1970;mex;lao;13000.0;0.0
1970;mex;lbn;385000.0;5000.0
1970;mex;lbr;253000.0;32000.0
1970;mex;lby;155000.0;38000.0
1970;mex;lka;16000.0;2416000.0
1970;mex;mac;0.0;3000.0
1970;mex;mar;397000.0;1000.0
1970;mex;mdg;4000.0;0.0
1970;mex;mlt;29000.0;10000.0
1970;mex;mmr;15000.0;15000.0
1970;mex;moz;0.0;12000.0
1970;mex;mus;2000.0;0.0
1970;mex;mys;328000.0;459000.0
1970;mex;naa;575000.0;9785000.0
1970;mex;ncl;32000.0;5000.0
1970;mex;nga;97000.0;16000.0
1970;mex;nic;2431000.0;1339000.0
1970;mex;nld;11485000.0;33796000.0
1970;mex;nor;381000.0;8755000.0
1970;mex;nzl;452000.0;2047000.0
1970;mex;omn;1000.0;0.0
1970;mex;pak;78000.0;266000.0
1970;mex;pan;2762000.0;12339000.0
1970;mex;per;12226000.0;13441000.0
1970;mex;phl;1599000.0;26000.0
1970;mex;png;5000.0;40000.0
1970;mex;pol;1901000.0;732000.0
1970;mex;prk;0.0;72000.0
1970;mex;prt;1903000.0;1644000.0
1970;mex;pry;188000.0;887000.0
1970;mex;qat;0.0;2000.0
1970;mex;rou;14000.0;1000.0
1970;mex;rwa;0.0;2000.0
1970;mex;sau;3000.0;89000.0
1970;mex;sdn;0.0;8000.0
1970;mex;sen;0.0;1000.0
1970;mex;sgp;1494000.0;5918000.0
1970;mex;sle;2000.0;0.0
1970;mex;slv;3158000.0;125000.0
1970;mex;sun;143000.0;204000.0
1970;mex;sur;131000.0;0.0
1970;mex;swe;3340000.0;41742000.0
1970;mex;syr;4000.0;0.0
1970;mex;tcd;1000.0;0.0
1970;mex;tha;1168000.0;2000.0
1970;mex;tto;280000.0;6000.0
1970;mex;tun;9000.0;0.0
1970;mex;tur;57000.0;9000.0
1970;mex;twn;7405000.0;2382000.0
1970;mex;ury;2849000.0;2513000.0
1970;mex;usa;1218657000.0;1567328000.0
1970;mex;ven;25532000.0;4002000.0
1970;mex;vnm;85000.0;0.0
1970;mex;wld;1768406000.0;2460701000.0
1970;mex;wsm;8000.0;0.0
1970;mex;xxb;2000.0;1000.0
1970;mex;xxe;13000.0;15000.0
1970;mex;yug;3632000.0;94000.0
1970;mex;zaf;371000.0;2361000.0
1970;mex;zmb;1000.0;1000.0
1970;mli;aus;0.0;3000.0
1970;mli;aut;1000.0;17000.0
1970;mli;bel;436000.0;987000.0
1970;mli;ben;23000.0;15000.0
1970;mli;bfa;1833000.0;13000.0
1970;mli;bgr;0.0;13000.0
1970;mli;bmu;0.0;3000.0
1970;mli;brb;0.0;9000.0
1970;mli;caf;2000.0;0.0
1970;mli;can;3000.0;20000.0
1970;mli;che;201000.0;92000.0
1970;mli;chn;26000.0;3241000.0
1970;mli;civ;719000.0;4320000.0
1970;mli;cmr;3000.0;4000.0
1970;mli;cod;1000.0;2000.0
1970;mli;cog;8000.0;8000.0
1970;mli;csk;95000.0;117000.0
1970;mli;cyp;1000.0;0.0
1970;mli;ddr;9000.0;485000.0
1970;mli;deu;191000.0;1734000.0
1970;mli;dji;2000.0;0.0
1970;mli;dnk;53000.0;80000.0
1970;mli;dza;327000.0;40000.0
1970;mli;egy;48000.0;1183000.0
1970;mli;esp;142000.0;82000.0
1970;mli;fdr;182000.0;1249000.0
1970;mli;fin;0.0;9000.0
1970;mli;fio;162000.0;0.0
1970;mli;fra;5752000.0;17212000.0
1970;mli;gab;1387000.0;5000.0
1970;mli;gbr;4000.0;760000.0
1970;mli;gha;3963000.0;202000.0
1970;mli;gin;235000.0;42000.0
1970;mli;gmb;0.0;1000.0
1970;mli;grc;22000.0;2000.0
1970;mli;hkg;83000.0;28000.0
1970;mli;ind;0.0;1000.0
1970;mli;irl;0.0;3000.0
1970;mli;irn;85000.0;104000.0
1970;mli;irq;0.0;23000.0
1970;mli;isr;16000.0;44000.0
1970;mli;ita;1363000.0;807000.0
1970;mli;jpn;3758000.0;602000.0
1970;mli;ken;0.0;4000.0
1970;mli;kor;0.0;33000.0
1970;mli;kwt;0.0;32000.0
1970;mli;lbn;221000.0;10000.0
1970;mli;lbr;125000.0;22000.0
1970;mli;lby;3000.0;0.0
1970;mli;mar;24000.0;95000.0
1970;mli;mdg;2000.0;0.0
1970;mli;mrt;1000.0;224000.0
1970;mli;mys;0.0;1000.0
1970;mli;naa;0.0;64000.0
1970;mli;ner;22000.0;13000.0
1970;mli;nga;8000.0;4000.0
1970;mli;nld;89000.0;1736000.0
1970;mli;nor;1000.0;1000.0
1970;mli;pak;0.0;255000.0
1970;mli;pol;0.0;18000.0
1970;mli;prt;2000.0;0.0
1970;mli;rou;0.0;7000.0
1970;mli;sau;2000.0;14000.0
1970;mli;sen;933000.0;2888000.0
1970;mli;sle;5000.0;6000.0
1970;mli;sun;518000.0;5053000.0
1970;mli;swe;287000.0;69000.0
1970;mli;syr;0.0;1000.0
1970;mli;tcd;5000.0;0.0
1970;mli;tgo;6000.0;2000.0
1970;mli;tha;2000.0;0.0
1970;mli;tto;0.0;133000.0
1970;mli;tun;0.0;4000.0
1970;mli;twn;2445000.0;15000.0
1970;mli;tza;0.0;3000.0
1970;mli;ury;0.0;4000.0
1970;mli;usa;5591000.0;1665000.0
1970;mli;ven;0.0;443000.0
1970;mli;wld;31240000.0;44710000.0
1970;mli;xxh;1000.0;3000.0
1970;mli;yar;0.0;4000.0
1970;mli;ymd;0.0;30000.0
1970;mli;yug;2000.0;26000.0
1970;mlt;afg;0.0;4000.0
1970;mlt;ago;15000.0;1000.0
1970;mlt;alb;0.0;152000.0
1970;mlt;are;23000.0;0.0
1970;mlt;arg;0.0;451000.0
1970;mlt;aus;166000.0;3487000.0
1970;mlt;aut;89000.0;1543000.0
1970;mlt;bdi;3000.0;0.0
1970;mlt;bel;908000.0;2795000.0
1970;mlt;bfa;1000.0;0.0
1970;mlt;bgr;0.0;947000.0
1970;mlt;bhr;56000.0;0.0
1970;mlt;bhs;4000.0;46000.0
1970;mlt;blz;9000.0;0.0
1970;mlt;bmu;1000.0;32000.0
1970;mlt;bra;0.0;1082000.0
1970;mlt;brb;8000.0;1000.0
1970;mlt;can;775000.0;1810000.0
1970;mlt;che;147000.0;1019000.0
1970;mlt;chl;46000.0;1000.0
1970;mlt;chn;106000.0;1079000.0
1970;mlt;civ;0.0;182000.0
1970;mlt;cmr;0.0;259000.0
1970;mlt;cod;12000.0;0.0
1970;mlt;col;0.0;3000.0
1970;mlt;cri;2000.0;11000.0
1970;mlt;csk;0.0;1378000.0
1970;mlt;cub;0.0;17000.0
1970;mlt;cyp;66000.0;127000.0
1970;mlt;ddr;0.0;302000.0
1970;mlt;deu;3061000.0;8261000.0
1970;mlt;dji;175000.0;0.0
1970;mlt;dnk;349000.0;2110000.0
1970;mlt;dza;4000.0;173000.0
1970;mlt;ecu;0.0;46000.0
1970;mlt;egy;1000.0;39000.0
1970;mlt;esp;143000.0;2031000.0
1970;mlt;eth;198000.0;12000.0
1970;mlt;fdr;3061000.0;7959000.0
1970;mlt;fin;20000.0;620000.0
1970;mlt;fji;2000.0;0.0
1970;mlt;fra;269000.0;4833000.0
1970;mlt;gbr;13816000.0;66992000.0
1970;mlt;gha;4000.0;234000.0
1970;mlt;gib;10000.0;0.0
1970;mlt;glp;4000.0;1000.0
1970;mlt;gmb;1000.0;0.0
1970;mlt;gnb;2000.0;0.0
1970;mlt;grc;425000.0;1221000.0
1970;mlt;gtm;24000.0;0.0
1970;mlt;guy;1000.0;1000.0
1970;mlt;hkg;11000.0;1278000.0
1970;mlt;hnd;2000.0;0.0
1970;mlt;hun;0.0;723000.0
1970;mlt;idn;0.0;219000.0
1970;mlt;ind;2000.0;413000.0
1970;mlt;irl;260000.0;289000.0
1970;mlt;irn;21000.0;15000.0
1970;mlt;irq;0.0;3000.0
1970;mlt;isl;1000.0;0.0
1970;mlt;isr;90000.0;1376000.0
1970;mlt;ita;4057000.0;26870000.0
1970;mlt;jam;3000.0;23000.0
1970;mlt;jor;15000.0;0.0
1970;mlt;jpn;103000.0;4476000.0
1970;mlt;ken;40000.0;17000.0
1970;mlt;kna;3000.0;0.0
1970;mlt;kor;0.0;33000.0
1970;mlt;kwt;50000.0;1000.0
1970;mlt;lbn;90000.0;252000.0
1970;mlt;lbr;3000.0;1000.0
1970;mlt;lby;813000.0;23000.0
1970;mlt;lka;1000.0;144000.0
1970;mlt;mar;91000.0;1123000.0
1970;mlt;mdg;0.0;11000.0
1970;mlt;mex;10000.0;29000.0
1970;mlt;mmr;0.0;13000.0
1970;mlt;moz;3000.0;2000.0
1970;mlt;mus;2000.0;0.0
1970;mlt;mwi;4000.0;33000.0
1970;mlt;mys;15000.0;59000.0
1970;mlt;naa;1000.0;0.0
1970;mlt;nga;275000.0;0.0
1970;mlt;nld;1584000.0;4473000.0
1970;mlt;nor;72000.0;708000.0
1970;mlt;nzl;58000.0;256000.0
1970;mlt;omn;12000.0;0.0
1970;mlt;pak;12000.0;57000.0
1970;mlt;per;1000.0;176000.0
1970;mlt;phl;0.0;3000.0
1970;mlt;pol;67000.0;217000.0
1970;mlt;prt;41000.0;535000.0
1970;mlt;pry;0.0;12000.0
1970;mlt;qat;3000.0;0.0
1970;mlt;rou;0.0;2393000.0
1970;mlt;sau;31000.0;0.0
1970;mlt;sdn;1000.0;0.0
1970;mlt;sen;2000.0;5000.0
1970;mlt;sgp;14000.0;347000.0
1970;mlt;sle;27000.0;0.0
1970;mlt;slv;0.0;1000.0
1970;mlt;som;10000.0;0.0
1970;mlt;sun;4000.0;1165000.0
1970;mlt;sur;5000.0;0.0
1970;mlt;swe;287000.0;1199000.0
1970;mlt;syr;0.0;413000.0
1970;mlt;tha;45000.0;3000.0
1970;mlt;tto;9000.0;9000.0
1970;mlt;tun;17000.0;331000.0
1970;mlt;tur;0.0;237000.0
1970;mlt;twn;0.0;87000.0
1970;mlt;tza;18000.0;2000.0
1970;mlt;uga;1000.0;13000.0
1970;mlt;ury;0.0;75000.0
1970;mlt;usa;1288000.0;6130000.0
1970;mlt;ven;1000.0;0.0
1970;mlt;wld;31723000.0;160668000.0
1970;mlt;xxh;58000.0;0.0
1970;mlt;yar;117000.0;0.0
1970;mlt;ymd;404000.0;122000.0
1970;mlt;yug;14000.0;1169000.0
1970;mlt;zaf;593000.0;101000.0
1970;mlt;zmb;15000.0;2000.0
1970;mmr;afg;0.0;1000.0
1970;mmr;are;668000.0;0.0
1970;mmr;arg;0.0;3000.0
1970;mmr;aus;273000.0;3934000.0
1970;mmr;aut;455000.0;396000.0
1970;mmr;bel;1008000.0;2474000.0
1970;mmr;bgr;1248000.0;59000.0
1970;mmr;bhr;552000.0;0.0
1970;mmr;bra;0.0;70000.0
1970;mmr;can;1000.0;3349000.0
1970;mmr;che;841000.0;744000.0
1970;mmr;chn;187000.0;5156000.0
1970;mmr;csk;0.0;4952000.0
1970;mmr;cub;2793000.0;0.0
1970;mmr;ddr;431000.0;1470000.0
1970;mmr;deu;8000000.0;14256000.0
1970;mmr;dnk;5335000.0;1449000.0
1970;mmr;egy;1000.0;53000.0
1970;mmr;esp;721000.0;106000.0
1970;mmr;fdr;7569000.0;12786000.0
1970;mmr;fin;320000.0;494000.0
1970;mmr;fio;7000.0;0.0
1970;mmr;fji;53000.0;0.0
1970;mmr;fra;1427000.0;4562000.0
1970;mmr;gbr;10235000.0;14907000.0
1970;mmr;gha;16000.0;0.0
1970;mmr;gmb;743000.0;0.0
1970;mmr;grc;130000.0;0.0
1970;mmr;hkg;6146000.0;6560000.0
1970;mmr;hun;0.0;114000.0
1970;mmr;idn;7715000.0;40000.0
1970;mmr;ind;9556000.0;27781000.0
1970;mmr;irl;76000.0;6000.0
1970;mmr;irn;2000.0;53000.0
1970;mmr;irq;669000.0;0.0
1970;mmr;isl;24000.0;0.0
1970;mmr;isr;3000.0;64000.0
1970;mmr;ita;1421000.0;822000.0
1970;mmr;jpn;12571000.0;42028000.0
1970;mmr;ken;0.0;50000.0
1970;mmr;kor;35000.0;1791000.0
1970;mmr;kwt;1130000.0;0.0
1970;mmr;lbn;7000.0;5000.0
1970;mmr;lka;14953000.0;478000.0
1970;mmr;mar;4000.0;5000.0
1970;mmr;mdg;1154000.0;0.0
1970;mmr;mex;15000.0;15000.0
1970;mmr;mlt;13000.0;0.0
1970;mmr;mus;3597000.0;0.0
1970;mmr;mwi;1000.0;0.0
1970;mmr;mys;9658000.0;4271000.0
1970;mmr;nga;205000.0;0.0
1970;mmr;nld;1644000.0;2588000.0
1970;mmr;nor;1318000.0;394000.0
1970;mmr;nzl;4000.0;77000.0
1970;mmr;omn;745000.0;0.0
1970;mmr;pak;5654000.0;2224000.0
1970;mmr;phl;0.0;1000.0
1970;mmr;pol;0.0;364000.0
1970;mmr;prk;0.0;78000.0
1970;mmr;prt;10000.0;16000.0
1970;mmr;rou;0.0;30000.0
1970;mmr;sau;329000.0;0.0
1970;mmr;sdn;9000.0;205000.0
1970;mmr;sgp;12521000.0;2902000.0
1970;mmr;sle;1235000.0;0.0
1970;mmr;sun;448000.0;3845000.0
1970;mmr;swe;3127000.0;1326000.0
1970;mmr;tha;181000.0;31000.0
1970;mmr;twn;136000.0;54000.0
1970;mmr;tza;0.0;98000.0
1970;mmr;usa;622000.0;9829000.0
1970;mmr;vnm;3000.0;62000.0
1970;mmr;wld;134249000.0;169489000.0
1970;mmr;xxb;84000.0;0.0
1970;mmr;xxh;0.0;537000.0
1970;mmr;yug;2196000.0;3620000.0
1970;mmr;zaf;0.0;160000.0
1970;mmr;zmb;14000.0;0.0
1970;mng;aus;26000.0;0.0
1970;mng;aut;16000.0;70000.0
1970;mng;bel;215000.0;36000.0
1970;mng;bhr;1000.0;0.0
1970;mng;che;257000.0;20000.0
1970;mng;cmr;7000.0;0.0
1970;mng;deu;259000.0;30000.0
1970;mng;dnk;5000.0;14000.0
1970;mng;fdr;259000.0;30000.0
1970;mng;fin;0.0;60000.0
1970;mng;fra;195000.0;3000.0
1970;mng;gbr;0.0;5000.0
1970;mng;irl;42000.0;0.0
1970;mng;ita;21000.0;33000.0
1970;mng;jpn;643000.0;399000.0
1970;mng;nld;51000.0;1000.0
1970;mng;nor;0.0;4000.0
1970;mng;nzl;9000.0;0.0
1970;mng;pak;0.0;27000.0
1970;mng;swe;24000.0;11000.0
1970;mng;usa;738000.0;2000.0
1970;mng;wld;2612000.0;715000.0
1970;mng;yug;103000.0;0.0
1970;moz;arg;23000.0;35000.0
1970;moz;aus;705000.0;7072000.0
1970;moz;aut;3379000.0;2220000.0
1970;moz;bel;14522000.0;5376000.0
1970;moz;bhr;22000.0;4000.0
1970;moz;bra;29000.0;965000.0
1970;moz;caf;0.0;4000.0
1970;moz;can;1200000.0;2219000.0
1970;moz;che;2197000.0;2874000.0
1970;moz;chl;0.0;135000.0
1970;moz;civ;1000.0;99000.0
1970;moz;cod;866000.0;1000.0
1970;moz;cog;0.0;6000.0
1970;moz;col;0.0;8000.0
1970;moz;cri;4000.0;0.0
1970;moz;deu;9177000.0;29098000.0
1970;moz;dnk;2117000.0;1534000.0
1970;moz;esp;2868000.0;974000.0
1970;moz;fdr;9177000.0;29098000.0
1970;moz;fin;53000.0;606000.0
1970;moz;fio;73000.0;0.0
1970;moz;fra;4676000.0;14026000.0
1970;moz;gbr;13939000.0;30938000.0
1970;moz;gha;0.0;5000.0
1970;moz;grc;160000.0;59000.0
1970;moz;guy;6000.0;0.0
1970;moz;hkg;629000.0;1538000.0
1970;moz;ind;19969000.0;712000.0
1970;moz;irl;968000.0;8000.0
1970;moz;irn;566000.0;45000.0
1970;moz;isl;0.0;3000.0
1970;moz;isr;314000.0;731000.0
1970;moz;ita;11167000.0;11225000.0
1970;moz;jor;8000.0;0.0
1970;moz;jpn;22584000.0;36899000.0
1970;moz;ken;1113000.0;392000.0
1970;moz;kor;0.0;47000.0
1970;moz;lao;441000.0;0.0
1970;moz;lbn;42000.0;54000.0
1970;moz;lka;0.0;110000.0
1970;moz;mar;2000.0;9000.0
1970;moz;mex;12000.0;0.0
1970;moz;mlt;2000.0;3000.0
1970;moz;mus;31000.0;6000.0
1970;moz;mwi;998000.0;91000.0
1970;moz;mys;705000.0;3061000.0
1970;moz;naa;0.0;263000.0
1970;moz;nld;8339000.0;7026000.0
1970;moz;nor;1396000.0;2445000.0
1970;moz;nzl;162000.0;639000.0
1970;moz;pak;3000.0;406000.0
1970;moz;phl;22000.0;20000.0
1970;moz;prt;66533000.0;85971000.0
1970;moz;sgp;2385000.0;2799000.0
1970;moz;swe;1308000.0;3525000.0
1970;moz;tgo;1000.0;0.0
1970;moz;tha;0.0;513000.0
1970;moz;tto;10000.0;0.0
1970;moz;tur;1000.0;9000.0
1970;moz;twn;782000.0;593000.0
1970;moz;tza;0.0;29000.0
1970;moz;uga;0.0;46000.0
1970;moz;usa;17724000.0;21536000.0
1970;moz;wld;215932000.0;279668000.0
1970;moz;zmb;1698000.0;656000.0
1970;mrt;arg;0.0;1000.0
1970;mrt;aus;7000.0;2000.0
1970;mrt;aut;1144000.0;4000.0
1970;mrt;bel;11247000.0;2034000.0
1970;mrt;ben;0.0;1000.0
1970;mrt;bra;0.0;17000.0
1970;mrt;can;0.0;337000.0
1970;mrt;che;428000.0;79000.0
1970;mrt;chl;0.0;5000.0
1970;mrt;chn;0.0;1394000.0
1970;mrt;civ;2000.0;194000.0
1970;mrt;cmr;1000.0;37000.0
1970;mrt;cod;843000.0;0.0
1970;mrt;cog;1411000.0;1695000.0
1970;mrt;csk;0.0;159000.0
1970;mrt;cyp;0.0;1000.0
1970;mrt;ddr;0.0;5000.0
1970;mrt;deu;15021000.0;1646000.0
1970;mrt;dnk;0.0;356000.0
1970;mrt;dza;0.0;16000.0
1970;mrt;egy;1000.0;1120000.0
1970;mrt;esp;7397000.0;4777000.0
1970;mrt;fdr;15021000.0;1641000.0
1970;mrt;fin;1000.0;3000.0
1970;mrt;fio;75000.0;0.0
1970;mrt;fra;22803000.0;19942000.0
1970;mrt;gab;71000.0;968000.0
1970;mrt;gbr;20605000.0;4921000.0
1970;mrt;gha;39000.0;0.0
1970;mrt;gmb;0.0;7000.0
1970;mrt;grc;308000.0;2000.0
1970;mrt;hkg;0.0;1000.0
1970;mrt;hun;0.0;1000.0
1970;mrt;ind;0.0;5000.0
1970;mrt;irl;0.0;2000.0
1970;mrt;irq;0.0;3000.0
1970;mrt;ita;13494000.0;1637000.0
1970;mrt;jpn;9171000.0;18000.0
1970;mrt;lbn;1000.0;9000.0
1970;mrt;lbr;0.0;1107000.0
1970;mrt;lka;0.0;1000.0
1970;mrt;mar;0.0;164000.0
1970;mrt;mdg;0.0;1000.0
1970;mrt;mli;224000.0;1000.0
1970;mrt;mwi;0.0;4000.0
1970;mrt;naa;0.0;15000.0
1970;mrt;nld;614000.0;551000.0
1970;mrt;nor;0.0;11000.0
1970;mrt;pak;0.0;37000.0
1970;mrt;pol;0.0;2000.0
1970;mrt;prt;833000.0;0.0
1970;mrt;sen;13000.0;3506000.0
1970;mrt;sun;0.0;490000.0
1970;mrt;sur;0.0;22000.0
1970;mrt;swe;2000.0;170000.0
1970;mrt;tgo;3000.0;0.0
1970;mrt;tha;0.0;271000.0
1970;mrt;tun;0.0;2000.0
1970;mrt;tur;0.0;1000.0
1970;mrt;twn;0.0;1000.0
1970;mrt;usa;691000.0;7880000.0
1970;mrt;ven;0.0;126000.0
1970;mrt;wld;106547000.0;55767000.0
1970;mrt;xxh;70000.0;4000.0
1970;mrt;zmb;27000.0;6000.0
1970;mus;ago;0.0;3000.0
1970;mus;alb;0.0;1000.0
1970;mus;arg;0.0;81000.0
1970;mus;aus;137000.0;5517000.0
1970;mus;aut;0.0;354000.0
1970;mus;bel;35000.0;1050000.0
1970;mus;bgr;0.0;11000.0
1970;mus;bhr;0.0;175000.0
1970;mus;bmu;0.0;4000.0
1970;mus;bra;0.0;10000.0
1970;mus;can;14202000.0;314000.0
1970;mus;che;237000.0;547000.0
1970;mus;chn;0.0;1860000.0
1970;mus;civ;1000.0;17000.0
1970;mus;csk;0.0;46000.0
1970;mus;cyp;0.0;13000.0
1970;mus;ddr;0.0;42000.0
1970;mus;deu;333000.0;3721000.0
1970;mus;dnk;0.0;258000.0
1970;mus;dza;0.0;1000.0
1970;mus;esp;0.0;209000.0
1970;mus;eth;0.0;384000.0
1970;mus;fdr;333000.0;3679000.0
1970;mus;fin;3000.0;29000.0
1970;mus;fio;550000.0;21000.0
1970;mus;fra;452000.0;5173000.0
1970;mus;gab;0.0;2000.0
1970;mus;gbr;53983000.0;15817000.0
1970;mus;gha;0.0;5000.0
1970;mus;hkg;95000.0;1824000.0
1970;mus;hun;0.0;58000.0
1970;mus;idn;0.0;32000.0
1970;mus;ind;86000.0;2280000.0
1970;mus;irl;111000.0;143000.0
1970;mus;irn;1000.0;2688000.0
1970;mus;irq;48000.0;3000.0
1970;mus;isl;0.0;1000.0
1970;mus;isr;0.0;367000.0
1970;mus;ita;62000.0;785000.0
1970;mus;jpn;476000.0;3917000.0
1970;mus;ken;3000.0;2616000.0
1970;mus;lka;0.0;70000.0
1970;mus;mar;0.0;127000.0
1970;mus;mdg;157000.0;646000.0
1970;mus;mex;0.0;2000.0
1970;mus;mlt;0.0;2000.0
1970;mus;mmr;0.0;3597000.0
1970;mus;moz;6000.0;31000.0
1970;mus;mwi;12000.0;1000.0
1970;mus;mys;0.0;489000.0
1970;mus;nga;1000.0;0.0
1970;mus;nld;1621000.0;970000.0
1970;mus;nor;0.0;36000.0
1970;mus;nzl;85000.0;998000.0
1970;mus;pak;0.0;665000.0
1970;mus;phl;0.0;3000.0
1970;mus;pol;0.0;12000.0
1970;mus;prk;0.0;60000.0
1970;mus;prt;2000.0;69000.0
1970;mus;sau;0.0;4000.0
1970;mus;sgp;156000.0;1132000.0
1970;mus;sun;0.0;9000.0
1970;mus;swe;0.0;205000.0
1970;mus;syc;40000.0;216000.0
1970;mus;tha;0.0;2263000.0
1970;mus;twn;0.0;6609000.0
1970;mus;tza;0.0;206000.0
1970;mus;uga;0.0;7000.0
1970;mus;usa;2246000.0;4268000.0
1970;mus;vnm;0.0;20000.0
1970;mus;wld;77036000.0;80485000.0
1970;mus;xxh;0.0;1000.0
1970;mus;ymd;0.0;577000.0
1970;mus;yug;0.0;7000.0
1970;mus;zaf;1873000.0;6833000.0
1970;mus;zmb;22000.0;13000.0
1970;mwi;afg;0.0;2000.0
1970;mwi;ago;6000.0;16000.0
1970;mwi;aus;617000.0;1581000.0
1970;mwi;aut;1282000.0;130000.0
1970;mwi;bel;1422000.0;231000.0
1970;mwi;bhr;10000.0;2000.0
1970;mwi;bra;4000.0;518000.0
1970;mwi;brb;23000.0;0.0
1970;mwi;can;415000.0;619000.0
1970;mwi;che;212000.0;432000.0
1970;mwi;civ;48000.0;3000.0
1970;mwi;cmr;160000.0;0.0
1970;mwi;cod;638000.0;0.0
1970;mwi;cog;15000.0;0.0
1970;mwi;csk;0.0;227000.0
1970;mwi;cyp;0.0;1000.0
1970;mwi;deu;1462000.0;3225000.0
1970;mwi;dnk;357000.0;247000.0
1970;mwi;egy;120000.0;0.0
1970;mwi;esp;804000.0;61000.0
1970;mwi;eth;273000.0;1000.0
1970;mwi;fdr;1462000.0;3225000.0
1970;mwi;fin;151000.0;420000.0
1970;mwi;fji;8000.0;0.0
1970;mwi;fra;732000.0;1106000.0
1970;mwi;gab;132000.0;0.0
1970;mwi;gbr;26335000.0;22780000.0
1970;mwi;gmb;197000.0;0.0
1970;mwi;gnb;315000.0;3000.0
1970;mwi;gnq;21000.0;0.0
1970;mwi;grc;175000.0;0.0
1970;mwi;hkg;99000.0;1136000.0
1970;mwi;idn;0.0;4000.0
1970;mwi;ind;93000.0;1022000.0
1970;mwi;irl;1372000.0;26000.0
1970;mwi;irn;1000.0;3351000.0
1970;mwi;irq;0.0;98000.0
1970;mwi;isr;18000.0;207000.0
1970;mwi;ita;143000.0;1141000.0
1970;mwi;jam;0.0;1000.0
1970;mwi;jpn;304000.0;4495000.0
1970;mwi;ken;259000.0;660000.0
1970;mwi;kor;0.0;1000.0
1970;mwi;kwt;44000.0;0.0
1970;mwi;lbn;0.0;2000.0
1970;mwi;lbr;257000.0;0.0
1970;mwi;lka;0.0;42000.0
1970;mwi;mdg;76000.0;0.0
1970;mwi;mlt;33000.0;4000.0
1970;mwi;mmr;0.0;1000.0
1970;mwi;moz;91000.0;998000.0
1970;mwi;mrt;4000.0;0.0
1970;mwi;mus;1000.0;12000.0
1970;mwi;mys;7000.0;191000.0
1970;mwi;naa;0.0;1000.0
1970;mwi;nga;5000.0;1000.0
1970;mwi;nld;2077000.0;1180000.0
1970;mwi;nor;321000.0;196000.0
1970;mwi;nzl;224000.0;132000.0
1970;mwi;pak;1000.0;1012000.0
1970;mwi;phl;5000.0;4000.0
1970;mwi;png;280000.0;0.0
1970;mwi;pol;0.0;8000.0
1970;mwi;prt;184000.0;114000.0
1970;mwi;sau;7000.0;407000.0
1970;mwi;sen;21000.0;0.0
1970;mwi;sgp;0.0;137000.0
1970;mwi;sle;1065000.0;0.0
1970;mwi;som;1000.0;0.0
1970;mwi;swe;172000.0;435000.0
1970;mwi;tgo;77000.0;0.0
1970;mwi;tha;3000.0;0.0
1970;mwi;tto;12000.0;0.0
1970;mwi;twn;0.0;205000.0
1970;mwi;tza;35000.0;52000.0
1970;mwi;uga;5000.0;2000.0
1970;mwi;usa;1912000.0;4456000.0
1970;mwi;wld;54684000.0;86011000.0
1970;mwi;wsm;74000.0;0.0
1970;mwi;xxh;1419000.0;31000.0
1970;mwi;ymd;1000.0;2000.0
1970;mwi;yug;0.0;17000.0
1970;mwi;zaf;2191000.0;11027000.0
1970;mwi;zmb;2102000.0;2997000.0
1970;mwi;zwe;3754000.0;18598000.0
1970;mys;afg;8000.0;0.0
1970;mys;are;16000.0;0.0
1970;mys;arg;7365000.0;348000.0
1970;mys;aus;38896000.0;82489000.0
1970;mys;aut;7159000.0;2608000.0
1970;mys;bel;12990000.0;9478000.0
1970;mys;bgr;1837000.0;225000.0
1970;mys;bhr;222000.0;2423000.0
1970;mys;bra;4986000.0;1372000.0
1970;mys;brb;161000.0;1000.0
1970;mys;caf;8000.0;0.0
1970;mys;can;32733000.0;15747000.0
1970;mys;che;5648000.0;4702000.0
1970;mys;chl;1002000.0;1000.0
1970;mys;chn;21782000.0;74636000.0
1970;mys;civ;179000.0;6000.0
1970;mys;cmr;122000.0;0.0
1970;mys;cod;24000.0;0.0
1970;mys;cog;8000.0;0.0
1970;mys;col;3098000.0;0.0
1970;mys;cri;400000.0;0.0
1970;mys;csk;6325000.0;2866000.0
1970;mys;cub;129000.0;20448000.0
1970;mys;cyp;165000.0;9000.0
1970;mys;ddr;312000.0;582000.0
1970;mys;deu;85388000.0;68802000.0
1970;mys;dnk;6158000.0;7365000.0
1970;mys;dom;1000.0;0.0
1970;mys;ecu;287000.0;6000.0
1970;mys;egy;3000.0;372000.0
1970;mys;esp;30239000.0;1086000.0
1970;mys;eth;49000.0;47000.0
1970;mys;fdr;85076000.0;68220000.0
1970;mys;fin;4975000.0;781000.0
1970;mys;fio;61000.0;1135000.0
1970;mys;fji;268000.0;0.0
1970;mys;fra;77608000.0;19926000.0
1970;mys;gab;6000.0;0.0
1970;mys;gbr;111790000.0;188475000.0
1970;mys;gha;76000.0;947000.0
1970;mys;gmb;14000.0;0.0
1970;mys;grc;3279000.0;185000.0
1970;mys;gtm;29000.0;0.0
1970;mys;guy;25000.0;0.0
1970;mys;hkg;17520000.0;30799000.0
1970;mys;hnd;20000.0;0.0
1970;mys;hun;66000.0;104000.0
1970;mys;idn;13608000.0;67748000.0
1970;mys;ind;5428000.0;20913000.0
1970;mys;irl;3395000.0;276000.0
1970;mys;irn;3935000.0;679000.0
1970;mys;irq;16279000.0;191000.0
1970;mys;isl;11000.0;0.0
1970;mys;isr;540000.0;2448000.0
1970;mys;ita;74307000.0;15524000.0
1970;mys;jor;53000.0;1000.0
1970;mys;jpn;418925000.0;244744000.0
1970;mys;ken;3463000.0;680000.0
1970;mys;khm;183000.0;490000.0
1970;mys;kor;57790000.0;3575000.0
1970;mys;kwt;1257000.0;15493000.0
1970;mys;lao;109000.0;1791000.0
1970;mys;lbn;1084000.0;6000.0
1970;mys;lbr;131000.0;3000.0
1970;mys;lby;21000.0;2000.0
1970;mys;lka;2195000.0;622000.0
1970;mys;mar;5875000.0;419000.0
1970;mys;mdg;63000.0;1000.0
1970;mys;mex;459000.0;328000.0
1970;mys;mli;1000.0;0.0
1970;mys;mlt;59000.0;15000.0
1970;mys;mmr;4271000.0;9658000.0
1970;mys;moz;3061000.0;705000.0
1970;mys;mus;489000.0;0.0
1970;mys;mwi;191000.0;7000.0
1970;mys;naa;24000.0;13000.0
1970;mys;ncl;2000.0;0.0
1970;mys;nga;128000.0;51000.0
1970;mys;nld;20365000.0;16237000.0
1970;mys;nor;1972000.0;1589000.0
1970;mys;nzl;7801000.0;12333000.0
1970;mys;pak;2569000.0;3982000.0
1970;mys;pan;38000.0;0.0
1970;mys;per;1922000.0;720000.0
1970;mys;phl;27437000.0;2205000.0
1970;mys;png;204000.0;0.0
1970;mys;pol;13446000.0;651000.0
1970;mys;prt;4271000.0;768000.0
1970;mys;rou;430000.0;84000.0
1970;mys;sau;970000.0;23641000.0
1970;mys;sdn;266000.0;87000.0
1970;mys;sen;5000.0;22000.0
1970;mys;sgp;458497000.0;104649000.0
1970;mys;som;192000.0;0.0
1970;mys;sun;69367000.0;3636000.0
1970;mys;swe;10978000.0;13336000.0
1970;mys;syr;45000.0;2000.0
1970;mys;tcd;2000.0;0.0
1970;mys;tgo;2000.0;0.0
1970;mys;tha;6960000.0;49812000.0
1970;mys;tto;628000.0;99000.0
1970;mys;tun;147000.0;0.0
1970;mys;tur;883000.0;48000.0
1970;mys;twn;29521000.0;26866000.0
1970;mys;tza;775000.0;752000.0
1970;mys;uga;948000.0;115000.0
1970;mys;ury;821000.0;3000.0
1970;mys;usa;270173000.0;120328000.0
1970;mys;ven;3431000.0;1000.0
1970;mys;vnm;2060000.0;3154000.0
1970;mys;wld;2060474000.0;1402686000.0
1970;mys;wsm;13000.0;0.0
1970;mys;xxb;5674000.0;90889000.0
1970;mys;ymd;333000.0;3000.0
1970;mys;yug;12033000.0;182000.0
1970;mys;zaf;3733000.0;56000.0
1970;mys;zmb;1100000.0;2664000.0
1970;naa;ago;274000.0;0.0
1970;naa;arg;7842000.0;1965000.0
1970;naa;aus;1620000.0;128000.0
1970;naa;aut;23000.0;563000.0
1970;naa;bel;1428000.0;2618000.0
1970;naa;ben;10000.0;0.0
1970;naa;bhr;2000.0;0.0
1970;naa;bhs;5186000.0;1808000.0
1970;naa;blz;108000.0;0.0
1970;naa;bmu;2232000.0;8000.0
1970;naa;bol;90000.0;0.0
1970;naa;bra;10105000.0;2785000.0
1970;naa;brb;1427000.0;52000.0
1970;naa;caf;45000.0;0.0
1970;naa;can;51882000.0;3446000.0
1970;naa;che;38000.0;3860000.0
1970;naa;chl;8575000.0;49000.0
1970;naa;chn;0.0;41000.0
1970;naa;civ;72000.0;2000.0
1970;naa;cmr;493000.0;0.0
1970;naa;cod;3868000.0;284000.0
1970;naa;cog;283000.0;625000.0
1970;naa;col;573000.0;3960000.0
1970;naa;cri;1761000.0;116000.0
1970;naa;csk;1000.0;394000.0
1970;naa;cub;659000.0;7000.0
1970;naa;deu;9246000.0;18826000.0
1970;naa;dnk;2620000.0;3564000.0
1970;naa;dom;11353000.0;221000.0
1970;naa;ecu;1161000.0;7000.0
1970;naa;egy;0.0;2000.0
1970;naa;esp;2022000.0;3119000.0
1970;naa;fdr;9246000.0;18826000.0
1970;naa;fin;112000.0;119000.0
1970;naa;fji;2000.0;0.0
1970;naa;fra;1679000.0;4402000.0
1970;naa;gab;79000.0;17825000.0
1970;naa;gbr;31530000.0;17809000.0
1970;naa;gha;230000.0;2000.0
1970;naa;gib;1158000.0;0.0
1970;naa;gin;101000.0;0.0
1970;naa;glp;6753000.0;3000.0
1970;naa;gmb;63000.0;0.0
1970;naa;gnb;1319000.0;0.0
1970;naa;grc;66000.0;6000.0
1970;naa;gtm;713000.0;20000.0
1970;naa;guf;29000.0;1000.0
1970;naa;guy;46000.0;62000.0
1970;naa;hkg;601000.0;3350000.0
1970;naa;hnd;2403000.0;586000.0
1970;naa;hti;1822000.0;20000.0
1970;naa;hun;0.0;14000.0
1970;naa;idn;1590000.0;3609000.0
1970;naa;ind;203000.0;160000.0
1970;naa;irl;1883000.0;22000.0
1970;naa;isl;1486000.0;1000.0
1970;naa;isr;95000.0;93000.0
1970;naa;ita;962000.0;13234000.0
1970;naa;jam;7540000.0;218000.0
1970;naa;jpn;14605000.0;14047000.0
1970;naa;ken;101000.0;1000.0
1970;naa;kna;52000.0;316000.0
1970;naa;kor;0.0;1154000.0
1970;naa;lbn;0.0;9000.0
1970;naa;lbr;2024000.0;0.0
1970;naa;lby;1000.0;1931000.0
1970;naa;lka;0.0;1000.0
1970;naa;mac;0.0;1000.0
1970;naa;mar;269000.0;5000.0
1970;naa;mex;9785000.0;575000.0
1970;naa;mli;64000.0;0.0
1970;naa;mlt;0.0;1000.0
1970;naa;moz;263000.0;0.0
1970;naa;mrt;15000.0;0.0
1970;naa;mwi;1000.0;0.0
1970;naa;mys;13000.0;24000.0
1970;naa;ner;5000.0;0.0
1970;naa;nga;3703000.0;25840000.0
1970;naa;nic;2804000.0;62000.0
1970;naa;nld;10304000.0;37916000.0
1970;naa;nor;1661000.0;345000.0
1970;naa;nzl;43000.0;603000.0
1970;naa;pak;2000.0;2000.0
1970;naa;pan;577000.0;1974000.0
1970;naa;per;3129000.0;237000.0
1970;naa;phl;28000.0;16000.0
1970;naa;pol;0.0;27000.0
1970;naa;prt;2726000.0;217000.0
1970;naa;pry;1089000.0;0.0
1970;naa;rou;0.0;11000.0
1970;naa;sau;0.0;1870000.0
1970;naa;sen;86000.0;3000.0
1970;naa;sgp;10869000.0;878000.0
1970;naa;sle;118000.0;0.0
1970;naa;slv;776000.0;2000.0
1970;naa;sun;0.0;4000.0
1970;naa;sur;224000.0;1538000.0
1970;naa;swe;1144000.0;1680000.0
1970;naa;tcd;1360000.0;0.0
1970;naa;tgo;113000.0;0.0
1970;naa;tha;10000.0;29000.0
1970;naa;tto;551000.0;7061000.0
1970;naa;tur;0.0;4000.0
1970;naa;twn;4000.0;412000.0
1970;naa;tza;21000.0;0.0
1970;naa;uga;1000.0;0.0
1970;naa;ury;241000.0;16000.0
1970;naa;usa;416409000.0;96266000.0
1970;naa;ven;2927000.0;486054000.0
1970;naa;wld;683590000.0;791964000.0
1970;naa;xxb;1000.0;0.0
1970;naa;xxe;484000.0;0.0
1970;naa;xxh;3677000.0;556000.0
1970;naa;yug;0.0;4000.0
1970;naa;zaf;3846000.0;266000.0
1970;ncl;arg;0.0;15000.0
1970;ncl;aus;1072000.0;28878000.0
1970;ncl;aut;907000.0;721000.0
1970;ncl;bel;410000.0;4461000.0
1970;ncl;bra;0.0;12000.0
1970;ncl;can;2438000.0;795000.0
1970;ncl;che;25000.0;574000.0
1970;ncl;civ;0.0;20000.0
1970;ncl;cmr;1000.0;0.0
1970;ncl;col;1000.0;0.0
1970;ncl;deu;9600000.0;15707000.0
1970;ncl;esp;533000.0;500000.0
1970;ncl;fdr;9600000.0;15707000.0
1970;ncl;fin;7000.0;21000.0
1970;ncl;fji;4000.0;365000.0
1970;ncl;fra;83915000.0;135985000.0
1970;ncl;gab;0.0;132000.0
1970;ncl;gbr;19000.0;6193000.0
1970;ncl;glp;0.0;67000.0
1970;ncl;guf;1000.0;2000.0
1970;ncl;hkg;29000.0;3229000.0
1970;ncl;ind;0.0;10000.0
1970;ncl;irl;0.0;14000.0
1970;ncl;ita;3765000.0;9046000.0
1970;ncl;jpn;109353000.0;6352000.0
1970;ncl;kor;0.0;1000.0
1970;ncl;lka;0.0;1000.0
1970;ncl;mar;0.0;221000.0
1970;ncl;mdg;3000.0;634000.0
1970;ncl;mex;5000.0;32000.0
1970;ncl;mys;0.0;2000.0
1970;ncl;nld;2000.0;6866000.0
1970;ncl;nor;1000.0;337000.0
1970;ncl;nzl;122000.0;9376000.0
1970;ncl;per;0.0;3000.0
1970;ncl;phl;0.0;8000.0
1970;ncl;prt;5000.0;36000.0
1970;ncl;sen;0.0;6000.0
1970;ncl;sgp;58000.0;1012000.0
1970;ncl;swe;1119000.0;446000.0
1970;ncl;tha;0.0;3000.0
1970;ncl;usa;8334000.0;26421000.0
1970;ncl;ven;0.0;269000.0
1970;ncl;wld;221729000.0;258774000.0
1970;ncl;wsm;0.0;1000.0
1970;ner;aus;5000.0;7000.0
1970;ner;aut;0.0;48000.0
1970;ner;bel;11000.0;929000.0
1970;ner;ben;5000.0;418000.0
1970;ner;bfa;58000.0;25000.0
1970;ner;bgr;0.0;4000.0
1970;ner;brb;0.0;1000.0
1970;ner;caf;1000.0;20000.0
1970;ner;can;2000.0;955000.0
1970;ner;che;363000.0;187000.0
1970;ner;chn;0.0;1720000.0
1970;ner;civ;602000.0;3012000.0
1970;ner;cmr;8000.0;40000.0
1970;ner;cod;2000.0;0.0
1970;ner;cog;2000.0;24000.0
1970;ner;csk;0.0;89000.0
1970;ner;ddr;0.0;180000.0
1970;ner;deu;1132000.0;4707000.0
1970;ner;dnk;0.0;32000.0
1970;ner;dza;96000.0;212000.0
1970;ner;egy;20000.0;652000.0
1970;ner;esp;254000.0;127000.0
1970;ner;fdr;1132000.0;4527000.0
1970;ner;fin;0.0;74000.0
1970;ner;fio;127000.0;0.0
1970;ner;fra;23407000.0;26732000.0
1970;ner;gab;10000.0;34000.0
1970;ner;gbr;53000.0;1307000.0
1970;ner;gha;970000.0;183000.0
1970;ner;glp;33000.0;0.0
1970;ner;gnb;3000.0;0.0
1970;ner;gnq;4000.0;0.0
1970;ner;hkg;0.0;124000.0
1970;ner;hun;0.0;238000.0
1970;ner;idn;0.0;4000.0
1970;ner;ind;0.0;7000.0
1970;ner;irl;0.0;2000.0
1970;ner;irn;3000.0;0.0
1970;ner;irq;0.0;320000.0
1970;ner;isr;4000.0;14000.0
1970;ner;ita;6274000.0;837000.0
1970;ner;jor;2000.0;0.0
1970;ner;jpn;263000.0;1251000.0
1970;ner;kor;0.0;49000.0
1970;ner;lbn;4000.0;4000.0
1970;ner;lbr;2000.0;1000.0
1970;ner;lby;389000.0;20000.0
1970;ner;mar;1000.0;164000.0
1970;ner;mdg;0.0;114000.0
1970;ner;mli;13000.0;22000.0
1970;ner;naa;0.0;5000.0
1970;ner;nga;114000.0;844000.0
1970;ner;nld;42000.0;2823000.0
1970;ner;nor;0.0;210000.0
1970;ner;pak;0.0;629000.0
1970;ner;pol;0.0;270000.0
1970;ner;prk;0.0;38000.0
1970;ner;prt;12000.0;0.0
1970;ner;rou;0.0;24000.0
1970;ner;sau;0.0;1000.0
1970;ner;sen;40000.0;3133000.0
1970;ner;sle;0.0;8000.0
1970;ner;som;0.0;1000.0
1970;ner;sun;0.0;155000.0
1970;ner;swe;517000.0;106000.0
1970;ner;tcd;6000.0;1000.0
1970;ner;tgo;450000.0;12000.0
1970;ner;tto;1000.0;149000.0
1970;ner;tun;0.0;8000.0
1970;ner;twn;1000.0;899000.0
1970;ner;usa;79000.0;3101000.0
1970;ner;ven;0.0;229000.0
1970;ner;wld;35439000.0;58280000.0
1970;ner;xxh;54000.0;847000.0
1970;ner;yar;0.0;19000.0
1970;ner;yug;0.0;58000.0
1970;nga;ago;397000.0;1803000.0
1970;nga;arg;350000.0;55000.0
1970;nga;aus;1843000.0;3409000.0
1970;nga;aut;3461000.0;6077000.0
1970;nga;bel;22239000.0;22672000.0
1970;nga;ben;1208000.0;247000.0
1970;nga;bfa;52000.0;0.0
1970;nga;bgr;710000.0;2025000.0
1970;nga;bhr;5000.0;142000.0
1970;nga;bmu;43747000.0;1927000.0
1970;nga;bra;28880000.0;1034000.0
1970;nga;brb;4000.0;0.0
1970;nga;caf;181000.0;0.0
1970;nga;can;42667000.0;7763000.0
1970;nga;che;17362000.0;12306000.0
1970;nga;chl;3000.0;0.0
1970;nga;chn;1167000.0;19696000.0
1970;nga;civ;107000.0;1973000.0
1970;nga;cmr;313000.0;376000.0
1970;nga;cod;2995000.0;1424000.0
1970;nga;cog;20000.0;1000.0
1970;nga;col;0.0;4000.0
1970;nga;csk;1640000.0;10468000.0
1970;nga;cyp;5000.0;36000.0
1970;nga;ddr;45000.0;426000.0
1970;nga;deu;154787000.0;138399000.0
1970;nga;dnk;19734000.0;8780000.0
1970;nga;dza;2000.0;1674000.0
1970;nga;ecu;12000.0;0.0
1970;nga;egy;1439000.0;4473000.0
1970;nga;esp;26938000.0;2824000.0
1970;nga;eth;8000.0;29000.0
1970;nga;fdr;154742000.0;137973000.0
1970;nga;fin;1349000.0;4484000.0
1970;nga;fra;119875000.0;35368000.0
1970;nga;gab;4000.0;48000.0
1970;nga;gbr;296192000.0;324554000.0
1970;nga;gha;2544000.0;443000.0
1970;nga;gin;7000.0;17000.0
1970;nga;gmb;28000.0;7000.0
1970;nga;gnb;0.0;124000.0
1970;nga;gnq;4000.0;22000.0
1970;nga;grc;2540000.0;872000.0
1970;nga;guy;3000.0;0.0
1970;nga;hkg;1443000.0;15252000.0
1970;nga;hun;2281000.0;7436000.0
1970;nga;idn;7000.0;146000.0
1970;nga;ind;15000.0;8491000.0
1970;nga;irl;4076000.0;2527000.0
1970;nga;irn;14000.0;105000.0
1970;nga;irq;22000.0;6000.0
1970;nga;isl;3000.0;756000.0
1970;nga;isr;40000.0;4165000.0
1970;nga;ita;43082000.0;50723000.0
1970;nga;jor;0.0;25000.0
1970;nga;jpn;12842000.0;66444000.0
1970;nga;ken;37000.0;301000.0
1970;nga;kor;3000.0;6221000.0
1970;nga;kwt;4000.0;72000.0
1970;nga;lbn;888000.0;2677000.0
1970;nga;lbr;722000.0;63000.0
1970;nga;lby;5000.0;7000.0
1970;nga;lka;10000.0;851000.0
1970;nga;mar;34000.0;295000.0
1970;nga;mdg;1000.0;60000.0
1970;nga;mex;16000.0;97000.0
1970;nga;mli;4000.0;8000.0
1970;nga;mlt;0.0;275000.0
1970;nga;mmr;0.0;205000.0
1970;nga;mus;0.0;1000.0
1970;nga;mwi;1000.0;5000.0
1970;nga;mys;51000.0;128000.0
1970;nga;naa;25840000.0;3703000.0
1970;nga;ner;844000.0;114000.0
1970;nga;nld;158960000.0;37651000.0
1970;nga;nor;2413000.0;6915000.0
1970;nga;nzl;707000.0;292000.0
1970;nga;pak;199000.0;9622000.0
1970;nga;phl;7000.0;0.0
1970;nga;pol;4948000.0;6493000.0
1970;nga;prt;5273000.0;1107000.0
1970;nga;rou;11000.0;4246000.0
1970;nga;sau;77000.0;98000.0
1970;nga;sdn;31000.0;13000.0
1970;nga;sen;12000.0;959000.0
1970;nga;sgp;558000.0;3225000.0
1970;nga;sle;2804000.0;200000.0
1970;nga;som;30000.0;2000.0
1970;nga;sun;24576000.0;10610000.0
1970;nga;swe;53857000.0;10125000.0
1970;nga;syr;0.0;1000.0
1970;nga;tcd;5760000.0;836000.0
1970;nga;tgo;432000.0;17000.0
1970;nga;tto;23052000.0;1375000.0
1970;nga;tun;3000.0;9000.0
1970;nga;tur;0.0;187000.0
1970;nga;twn;3000.0;25863000.0
1970;nga;tza;7000.0;44000.0
1970;nga;uga;10000.0;2000.0
1970;nga;usa;109929000.0;152387000.0
1970;nga;ven;5000.0;944000.0
1970;nga;wld;1282405000.0;1068884000.0
1970;nga;xxh;359000.0;5830000.0
1970;nga;ymd;2000.0;499000.0
1970;nga;yug;1267000.0;2446000.0
1970;nga;zaf;2000.0;137000.0
1970;nga;zmb;4000.0;19000.0
1970;nga;zwe;0.0;15000.0
1970;nic;arg;3000.0;311000.0
1970;nic;aus;443000.0;82000.0
1970;nic;aut;725000.0;41000.0
1970;nic;bel;3076000.0;3573000.0
1970;nic;bol;0.0;1000.0
1970;nic;bra;151000.0;729000.0
1970;nic;can;1091000.0;1870000.0
1970;nic;che;1273000.0;754000.0
1970;nic;chl;6000.0;29000.0
1970;nic;col;36000.0;1575000.0
1970;nic;cri;19928000.0;13921000.0
1970;nic;csk;1000.0;84000.0
1970;nic;deu;19697000.0;11353000.0
1970;nic;dnk;1561000.0;703000.0
1970;nic;dom;0.0;1000.0
1970;nic;ecu;11000.0;351000.0
1970;nic;esp;215000.0;1568000.0
1970;nic;fdr;19697000.0;11353000.0
1970;nic;fin;770000.0;51000.0
1970;nic;fra;806000.0;580000.0
1970;nic;gbr;1107000.0;6832000.0
1970;nic;gha;926000.0;0.0
1970;nic;glp;4000.0;0.0
1970;nic;grc;0.0;2000.0
1970;nic;gtm;7224000.0;15716000.0
1970;nic;guy;0.0;12000.0
1970;nic;hkg;1330000.0;407000.0
1970;nic;hnd;13981000.0;4919000.0
1970;nic;hti;292000.0;0.0
1970;nic;hun;0.0;5000.0
1970;nic;ind;0.0;11000.0
1970;nic;irl;33000.0;3000.0
1970;nic;isr;0.0;7000.0
1970;nic;ita;2828000.0;6690000.0
1970;nic;jam;1071000.0;207000.0
1970;nic;jpn;27564000.0;12705000.0
1970;nic;kor;56000.0;0.0
1970;nic;lka;0.0;52000.0
1970;nic;mar;15000.0;15000.0
1970;nic;mex;1339000.0;2431000.0
1970;nic;naa;62000.0;2804000.0
1970;nic;nld;3259000.0;5760000.0
1970;nic;nor;101000.0;65000.0
1970;nic;nzl;0.0;1000.0
1970;nic;pak;0.0;54000.0
1970;nic;pan;1126000.0;4470000.0
1970;nic;per;31000.0;134000.0
1970;nic;phl;217000.0;11000.0
1970;nic;prt;406000.0;116000.0
1970;nic;pry;0.0;1000.0
1970;nic;sgp;224000.0;108000.0
1970;nic;slv;8746000.0;15419000.0
1970;nic;swe;419000.0;569000.0
1970;nic;tha;435000.0;52000.0
1970;nic;tto;33000.0;186000.0
1970;nic;twn;2335000.0;0.0
1970;nic;ury;0.0;51000.0
1970;nic;usa;61773000.0;71798000.0
1970;nic;ven;65000.0;8125000.0
1970;nic;wld;186893000.0;197332000.0
1970;nic;zaf;98000.0;17000.0
1970;nld;afg;1483000.0;247000.0
1970;nld;ago;5037000.0;42356000.0
1970;nld;alb;2266000.0;75000.0
1970;nld;arg;32594000.0;127750000.0
1970;nld;aus;78730000.0;35277000.0
1970;nld;aut;103096000.0;56491000.0
1970;nld;bdi;459000.0;54000.0
1970;nld;bel;1660646000.0;2194723000.0
1970;nld;ben;3585000.0;1185000.0
1970;nld;bfa;1407000.0;8000.0
1970;nld;bgr;6377000.0;9006000.0
1970;nld;bhr;8009000.0;13025000.0
1970;nld;bmu;15330000.0;15465000.0
1970;nld;bol;5161000.0;1343000.0
1970;nld;bra;49794000.0;100001000.0
1970;nld;brb;3228000.0;56000.0
1970;nld;caf;969000.0;1000.0
1970;nld;can;75575000.0;182516000.0
1970;nld;che;223943000.0;153524000.0
1970;nld;chl;13028000.0;23837000.0
1970;nld;chn;20873000.0;26597000.0
1970;nld;civ;18577000.0;21499000.0
1970;nld;cmr;8363000.0;53924000.0
1970;nld;cod;22214000.0;24877000.0
1970;nld;cog;2353000.0;4082000.0
1970;nld;col;12242000.0;35412000.0
1970;nld;cri;5374000.0;5260000.0
1970;nld;csk;27912000.0;34414000.0
1970;nld;cub;11792000.0;11024000.0
1970;nld;cyp;7528000.0;2204000.0
1970;nld;ddr;36488000.0;44490000.0
1970;nld;deu;3625688000.0;3501882000.0
1970;nld;dji;951000.0;3000.0
1970;nld;dnk;175520000.0;85092000.0
1970;nld;dom;7248000.0;2047000.0
1970;nld;dza;22142000.0;5252000.0
1970;nld;ecu;3718000.0;1944000.0
1970;nld;egy;14209000.0;18668000.0
1970;nld;esp;132002000.0;87506000.0
1970;nld;eth;4349000.0;1458000.0
1970;nld;fdr;3589200000.0;3457392000.0
1970;nld;fin;77887000.0;109347000.0
1970;nld;fio;3575000.0;21000.0
1970;nld;fji;1200000.0;565000.0
1970;nld;fra;1126894000.0;963219000.0
1970;nld;gab;2605000.0;7644000.0
1970;nld;gbr;1085352000.0;723550000.0
1970;nld;gha;16268000.0;14299000.0
1970;nld;gib;2901000.0;556000.0
1970;nld;gin;1287000.0;95000.0
1970;nld;glp;7283000.0;303000.0
1970;nld;gmb;405000.0;283000.0
1970;nld;gnb;4071000.0;1008000.0
1970;nld;gnq;327000.0;2237000.0
1970;nld;grc;65397000.0;24290000.0
1970;nld;gtm;4683000.0;3554000.0
1970;nld;guf;1265000.0;125000.0
1970;nld;guy;4705000.0;543000.0
1970;nld;hkg;39065000.0;36227000.0
1970;nld;hnd;2992000.0;1822000.0
1970;nld;hti;1472000.0;389000.0
1970;nld;hun;32063000.0;23189000.0
1970;nld;idn;38204000.0;48131000.0
1970;nld;ind;19530000.0;18155000.0
1970;nld;irl;41962000.0;16074000.0
1970;nld;irn;47592000.0;168667000.0
1970;nld;irq;5904000.0;5744000.0
1970;nld;isl;9331000.0;1016000.0
1970;nld;isr;71477000.0;13614000.0
1970;nld;ita;642076000.0;566464000.0
1970;nld;jam;3519000.0;948000.0
1970;nld;jor;3565000.0;7000.0
1970;nld;jpn;103599000.0;136098000.0
1970;nld;ken;11493000.0;8092000.0
1970;nld;khm;202000.0;793000.0
1970;nld;kor;23249000.0;5789000.0
1970;nld;kwt;15457000.0;232361000.0
1970;nld;lao;437000.0;0.0
1970;nld;lbn;12966000.0;30261000.0
1970;nld;lbr;16194000.0;18114000.0
1970;nld;lby;17334000.0;214821000.0
1970;nld;lka;4265000.0;4824000.0
1970;nld;mac;129000.0;1616000.0
1970;nld;mar;19047000.0;19554000.0
1970;nld;mdg;4216000.0;878000.0
1970;nld;mex;33796000.0;11485000.0
1970;nld;mli;1736000.0;89000.0
1970;nld;mlt;4473000.0;1584000.0
1970;nld;mmr;2588000.0;1644000.0
1970;nld;mng;1000.0;51000.0
1970;nld;moz;7026000.0;8339000.0
1970;nld;mrt;551000.0;614000.0
1970;nld;mus;970000.0;1621000.0
1970;nld;mwi;1180000.0;2077000.0
1970;nld;mys;16237000.0;20365000.0
1970;nld;naa;37916000.0;10304000.0
1970;nld;ncl;6866000.0;2000.0
1970;nld;ner;2823000.0;42000.0
1970;nld;nga;37651000.0;158960000.0
1970;nld;nic;5760000.0;3259000.0
1970;nld;nor;120524000.0;65112000.0
1970;nld;npl;109000.0;18000.0
1970;nld;nzl;11478000.0;11561000.0
1970;nld;omn;6539000.0;34838000.0
1970;nld;pak;15626000.0;10395000.0
1970;nld;pan;6386000.0;1745000.0
1970;nld;per;12954000.0;39040000.0
1970;nld;phl;24554000.0;15171000.0
1970;nld;pol;24563000.0;28556000.0
1970;nld;prk;85000.0;1133000.0
1970;nld;prt;39672000.0;20252000.0
1970;nld;pry;758000.0;3010000.0
1970;nld;qat;1320000.0;18048000.0
1970;nld;rou;19539000.0;14418000.0
1970;nld;rwa;284000.0;37000.0
1970;nld;sau;20073000.0;204050000.0
1970;nld;sdn;8293000.0;3001000.0
1970;nld;sen;4548000.0;6065000.0
1970;nld;sgp;30556000.0;13356000.0
1970;nld;sle;3086000.0;11121000.0
1970;nld;slv;9697000.0;3266000.0
1970;nld;som;408000.0;24000.0
1970;nld;spm;174000.0;1000.0
1970;nld;sun;44434000.0;57144000.0
1970;nld;sur;14037000.0;16492000.0
1970;nld;swe;314436000.0;296723000.0
1970;nld;syr;5546000.0;52298000.0
1970;nld;tcd;1476000.0;438000.0
1970;nld;tgo;4689000.0;10921000.0
1970;nld;tha;17707000.0;42236000.0
1970;nld;tto;4867000.0;1183000.0
1970;nld;tun;6625000.0;1782000.0
1970;nld;tur;22042000.0;17748000.0
1970;nld;twn;10167000.0;17937000.0
1970;nld;tza;11673000.0;4315000.0
1970;nld;uga;3609000.0;1504000.0
1970;nld;ury;7015000.0;6778000.0
1970;nld;usa;529169000.0;1278072000.0
1970;nld;ven;26694000.0;20538000.0
1970;nld;vnm;4839000.0;366000.0
1970;nld;wld;12744882000.0;13220555000.0
1970;nld;wsm;42000.0;843000.0
1970;nld;xxb;1789000.0;1000.0
1970;nld;xxe;833000.0;58000.0
1970;nld;xxh;1063683000.0;295298000.0
1970;nld;yar;1436000.0;1194000.0
1970;nld;ymd;3782000.0;3055000.0
1970;nld;yug;49734000.0;21379000.0
1970;nld;zaf;60284000.0;33702000.0
1970;nld;zmb;6243000.0;8503000.0
1970;nld;zwe;14000.0;21000.0
1970;nor;afg;490000.0;37000.0
1970;nor;ago;3353000.0;876000.0
1970;nor;alb;8000.0;0.0
1970;nor;arg;7743000.0;8581000.0
1970;nor;aus;11317000.0;12449000.0
1970;nor;aut;16876000.0;40269000.0
1970;nor;bdi;6000.0;0.0
1970;nor;bel;61746000.0;89193000.0
1970;nor;ben;43000.0;0.0
1970;nor;bfa;9000.0;0.0
1970;nor;bgr;941000.0;2786000.0
1970;nor;bhr;397000.0;7339000.0
1970;nor;bhs;5051000.0;253000.0
1970;nor;blz;8000.0;17000.0
1970;nor;bol;142000.0;0.0
1970;nor;bra;22325000.0;39833000.0
1970;nor;brb;664000.0;0.0
1970;nor;caf;54000.0;5000.0
1970;nor;can;47047000.0;175166000.0
1970;nor;che;31808000.0;71879000.0
1970;nor;chl;12390000.0;1848000.0
1970;nor;chn;8846000.0;6328000.0
1970;nor;civ;2404000.0;416000.0
1970;nor;cmr;735000.0;92000.0
1970;nor;cod;1565000.0;80000.0
1970;nor;cog;31000.0;1929000.0
1970;nor;col;858000.0;14222000.0
1970;nor;cri;514000.0;1171000.0
1970;nor;csk;5941000.0;14872000.0
1970;nor;cub;2955000.0;1404000.0
1970;nor;cyp;4921000.0;776000.0
1970;nor;ddr;6986000.0;7970000.0
1970;nor;deu;472197000.0;536489000.0
1970;nor;dji;30000.0;0.0
1970;nor;dnk;172914000.0;230117000.0
1970;nor;dom;3774000.0;1515000.0
1970;nor;dza;1186000.0;738000.0
1970;nor;ecu;1276000.0;2517000.0
1970;nor;egy;306000.0;811000.0
1970;nor;esp;24365000.0;22745000.0
1970;nor;eth;906000.0;916000.0
1970;nor;fdr;465211000.0;528519000.0
1970;nor;fin;62680000.0;87962000.0
1970;nor;fio;97000.0;0.0
1970;nor;fji;20000.0;1961000.0
1970;nor;flk;1000.0;0.0
1970;nor;fra;81859000.0;108708000.0
1970;nor;gab;376000.0;885000.0
1970;nor;gbr;445992000.0;455773000.0
1970;nor;gha;8212000.0;7881000.0
1970;nor;gib;45000.0;1000.0
1970;nor;gin;14000.0;16958000.0
1970;nor;glp;87000.0;0.0
1970;nor;gmb;1000.0;0.0
1970;nor;gnq;10000.0;0.0
1970;nor;grc;33492000.0;11779000.0
1970;nor;gtm;260000.0;1957000.0
1970;nor;guy;418000.0;8329000.0
1970;nor;hkg;2418000.0;17753000.0
1970;nor;hnd;130000.0;265000.0
1970;nor;hti;189000.0;461000.0
1970;nor;hun;4523000.0;5897000.0
1970;nor;idn;1195000.0;1804000.0
1970;nor;ind;2423000.0;3292000.0
1970;nor;irl;7885000.0;5160000.0
1970;nor;irn;4451000.0;952000.0
1970;nor;irq;1148000.0;13000.0
1970;nor;isl;8734000.0;2501000.0
1970;nor;isr;14358000.0;4532000.0
1970;nor;ita;64643000.0;68832000.0
1970;nor;jam;637000.0;29104000.0
1970;nor;jor;146000.0;0.0
1970;nor;jpn;34208000.0;162410000.0
1970;nor;ken;2097000.0;918000.0
1970;nor;khm;20000.0;0.0
1970;nor;kor;113000.0;460000.0
1970;nor;kwt;804000.0;7000.0
1970;nor;lbn;1263000.0;891000.0
1970;nor;lbr;2691000.0;1407000.0
1970;nor;lby;658000.0;7000.0
1970;nor;lka;559000.0;466000.0
1970;nor;mac;12000.0;372000.0
1970;nor;mar;1956000.0;4926000.0
1970;nor;mdg;61000.0;140000.0
1970;nor;mex;8755000.0;381000.0
1970;nor;mli;1000.0;1000.0
1970;nor;mlt;708000.0;72000.0
1970;nor;mmr;394000.0;1318000.0
1970;nor;mng;4000.0;0.0
1970;nor;moz;2445000.0;1396000.0
1970;nor;mrt;11000.0;0.0
1970;nor;mus;36000.0;0.0
1970;nor;mwi;196000.0;321000.0
1970;nor;mys;1589000.0;1972000.0
1970;nor;naa;345000.0;1661000.0
1970;nor;ncl;337000.0;1000.0
1970;nor;ner;210000.0;0.0
1970;nor;nga;6915000.0;2413000.0
1970;nor;nic;65000.0;101000.0
1970;nor;nld;65112000.0;120524000.0
1970;nor;npl;7000.0;1000.0
1970;nor;nzl;1870000.0;2811000.0
1970;nor;omn;24000.0;0.0
1970;nor;pak;3633000.0;694000.0
1970;nor;pan;894000.0;1158000.0
1970;nor;per;4476000.0;815000.0
1970;nor;phl;2339000.0;1767000.0
1970;nor;pol;11927000.0;17792000.0
1970;nor;prk;0.0;16000.0
1970;nor;prt;9621000.0;14717000.0
1970;nor;pry;131000.0;13000.0
1970;nor;rou;491000.0;2137000.0
1970;nor;rwa;6000.0;0.0
1970;nor;sau;2739000.0;318000.0
1970;nor;sdn;312000.0;282000.0
1970;nor;sen;199000.0;3009000.0
1970;nor;sgp;6800000.0;326000.0
1970;nor;sle;63000.0;9000.0
1970;nor;slv;109000.0;1205000.0
1970;nor;som;14000.0;0.0
1970;nor;spm;13000.0;0.0
1970;nor;sun;24798000.0;30780000.0
1970;nor;sur;191000.0;13056000.0
1970;nor;swe;408157000.0;743794000.0
1970;nor;syc;13000.0;11000.0
1970;nor;syr;75000.0;19000.0
1970;nor;tcd;11000.0;0.0
1970;nor;tgo;24000.0;0.0
1970;nor;tha;2006000.0;761000.0
1970;nor;tto;1951000.0;3863000.0
1970;nor;tun;581000.0;609000.0
1970;nor;tur;2222000.0;7039000.0
1970;nor;twn;164000.0;709000.0
1970;nor;tza;996000.0;358000.0
1970;nor;uga;675000.0;547000.0
1970;nor;ury;142000.0;73000.0
1970;nor;usa;142526000.0;258226000.0
1970;nor;ven;2571000.0;2287000.0
1970;nor;vnm;8000.0;1000.0
1970;nor;wld;2596813000.0;3560403000.0
1970;nor;wsm;1000.0;270000.0
1970;nor;xxb;36000.0;0.0
1970;nor;xxe;20000.0;0.0
1970;nor;xxh;130438000.0;0.0
1970;nor;yar;27000.0;48000.0
1970;nor;ymd;38000.0;0.0
1970;nor;yug;6772000.0;9561000.0
1970;nor;zaf;14663000.0;8715000.0
1970;nor;zmb;5888000.0;11000.0
1970;nor;zwe;0.0;1000.0
1970;npl;aus;7000.0;64000.0
1970;npl;aut;15000.0;20000.0
1970;npl;bel;2551000.0;7000.0
1970;npl;bhr;3000.0;0.0
1970;npl;che;77000.0;223000.0
1970;npl;chl;0.0;1000.0
1970;npl;deu;889000.0;983000.0
1970;npl;dnk;34000.0;104000.0
1970;npl;fdr;889000.0;983000.0
1970;npl;fin;0.0;53000.0
1970;npl;fra;664000.0;112000.0
1970;npl;gbr;2054000.0;3997000.0
1970;npl;grc;18000.0;0.0
1970;npl;gtm;25000.0;0.0
1970;npl;hkg;199000.0;203000.0
1970;npl;ind;14760000.0;37785000.0
1970;npl;irn;41000.0;2000.0
1970;npl;isr;0.0;4000.0
1970;npl;ita;113000.0;213000.0
1970;npl;jor;1000.0;0.0
1970;npl;jpn;1074000.0;4752000.0
1970;npl;kor;23000.0;81000.0
1970;npl;lby;10000.0;0.0
1970;npl;nld;18000.0;109000.0
1970;npl;nor;1000.0;7000.0
1970;npl;nzl;0.0;18000.0
1970;npl;pak;232000.0;13000.0
1970;npl;phl;0.0;1000.0
1970;npl;prt;2000.0;0.0
1970;npl;sgp;207000.0;211000.0
1970;npl;swe;5000.0;158000.0
1970;npl;tha;24000.0;39000.0
1970;npl;twn;0.0;11000.0
1970;npl;usa;1982000.0;1002000.0
1970;npl;wld;25074000.0;50188000.0
1970;npl;yug;45000.0;15000.0
1970;nzl;afg;2000.0;2000.0
1970;nzl;ago;3000.0;25000.0
1970;nzl;arg;70000.0;34000.0
1970;nzl;aus;105213000.0;245631000.0
1970;nzl;aut;2529000.0;2132000.0
1970;nzl;bdi;0.0;2000.0
1970;nzl;bel;26907000.0;7818000.0
1970;nzl;bgr;637000.0;19000.0
1970;nzl;bhr;5000.0;7439000.0
1970;nzl;bhs;413000.0;22000.0
1970;nzl;blz;1000.0;0.0
1970;nzl;bmu;1836000.0;0.0
1970;nzl;bol;3000.0;0.0
1970;nzl;bra;29000.0;2047000.0
1970;nzl;brb;2402000.0;11000.0
1970;nzl;caf;0.0;19000.0
1970;nzl;can;41234000.0;50646000.0
1970;nzl;che;3563000.0;11335000.0
1970;nzl;chl;753000.0;97000.0
1970;nzl;chn;4377000.0;5528000.0
1970;nzl;civ;9000.0;212000.0
1970;nzl;cmr;0.0;80000.0
1970;nzl;cod;8000.0;24000.0
1970;nzl;cog;1000.0;18000.0
1970;nzl;col;26000.0;1216000.0
1970;nzl;cri;0.0;18000.0
1970;nzl;csk;2323000.0;2747000.0
1970;nzl;cub;0.0;1000.0
1970;nzl;cyp;1042000.0;17000.0
1970;nzl;ddr;1216000.0;503000.0
1970;nzl;deu;37566000.0;53244000.0
1970;nzl;dnk;4208000.0;2973000.0
1970;nzl;dom;0.0;4675000.0
1970;nzl;dza;2000.0;1000.0
1970;nzl;ecu;2000.0;1658000.0
1970;nzl;egy;326000.0;2000.0
1970;nzl;esp;4516000.0;1303000.0
1970;nzl;eth;16000.0;1000.0
1970;nzl;fdr;36350000.0;52741000.0
1970;nzl;fin;2314000.0;1229000.0
1970;nzl;fio;59000.0;0.0
1970;nzl;fji;12428000.0;15945000.0
1970;nzl;flk;5000.0;0.0
1970;nzl;fra;47227000.0;10694000.0
1970;nzl;gab;0.0;4000.0
1970;nzl;gbr;488489000.0;339368000.0
1970;nzl;gha;372000.0;4832000.0
1970;nzl;glp;297000.0;0.0
1970;nzl;gmb;17000.0;0.0
1970;nzl;gnb;1000.0;0.0
1970;nzl;grc;12350000.0;99000.0
1970;nzl;gtm;15000.0;1000.0
1970;nzl;guf;72000.0;0.0
1970;nzl;guy;347000.0;93000.0
1970;nzl;hkg;6163000.0;22240000.0
1970;nzl;hnd;0.0;15000.0
1970;nzl;hun;851000.0;192000.0
1970;nzl;idn;674000.0;1327000.0
1970;nzl;ind;1786000.0;8785000.0
1970;nzl;irl;6169000.0;452000.0
1970;nzl;irn;2063000.0;16385000.0
1970;nzl;irq;58000.0;88000.0
1970;nzl;isl;44000.0;0.0
1970;nzl;isr;756000.0;301000.0
1970;nzl;ita;30981000.0;17294000.0
1970;nzl;jam;7381000.0;557000.0
1970;nzl;jor;38000.0;0.0
1970;nzl;jpn;157743000.0;122529000.0
1970;nzl;ken;1489000.0;638000.0
1970;nzl;khm;4000.0;4000.0
1970;nzl;kir;1248000.0;2904000.0
1970;nzl;kna;34000.0;0.0
1970;nzl;kor;3198000.0;875000.0
1970;nzl;kwt;242000.0;26129000.0
1970;nzl;lao;53000.0;0.0
1970;nzl;lbn;247000.0;2000.0
1970;nzl;lbr;21000.0;0.0
1970;nzl;lby;52000.0;0.0
1970;nzl;lka;3433000.0;6347000.0
1970;nzl;mac;9000.0;2000.0
1970;nzl;mar;399000.0;20000.0
1970;nzl;mdg;7000.0;1000.0
1970;nzl;mex;2047000.0;452000.0
1970;nzl;mlt;256000.0;58000.0
1970;nzl;mmr;77000.0;4000.0
1970;nzl;mng;0.0;9000.0
1970;nzl;moz;639000.0;162000.0
1970;nzl;mus;998000.0;85000.0
1970;nzl;mwi;132000.0;224000.0
1970;nzl;mys;12333000.0;7801000.0
1970;nzl;naa;603000.0;43000.0
1970;nzl;ncl;9376000.0;122000.0
1970;nzl;nga;292000.0;707000.0
1970;nzl;nic;1000.0;0.0
1970;nzl;nld;11561000.0;11478000.0
1970;nzl;nor;2811000.0;1870000.0
1970;nzl;npl;18000.0;0.0
1970;nzl;omn;32000.0;0.0
1970;nzl;pak;1477000.0;4340000.0
1970;nzl;pan;726000.0;0.0
1970;nzl;per;6211000.0;13000.0
1970;nzl;phl;7769000.0;429000.0
1970;nzl;png;4001000.0;613000.0
1970;nzl;pol;3670000.0;562000.0
1970;nzl;prt;2593000.0;762000.0
1970;nzl;qat;65000.0;0.0
1970;nzl;rou;0.0;53000.0
1970;nzl;sau;92000.0;6179000.0
1970;nzl;sdn;202000.0;83000.0
1970;nzl;sen;1000.0;0.0
1970;nzl;sgp;13358000.0;3088000.0
1970;nzl;sle;11000.0;4000.0
1970;nzl;slv;10000.0;0.0
1970;nzl;som;0.0;2000.0
1970;nzl;spm;13000.0;0.0
1970;nzl;sun;18368000.0;2021000.0
1970;nzl;sur;5000.0;0.0
1970;nzl;swe;4577000.0;9167000.0
1970;nzl;syc;1000.0;0.0
1970;nzl;syr;221000.0;30000.0
1970;nzl;tha;5353000.0;763000.0
1970;nzl;tto;6524000.0;83000.0
1970;nzl;tun;372000.0;0.0
1970;nzl;tur;68000.0;256000.0
1970;nzl;twn;3318000.0;991000.0
1970;nzl;tza;562000.0;2007000.0
1970;nzl;uga;194000.0;2087000.0
1970;nzl;ury;7000.0;0.0
1970;nzl;usa;222041000.0;161343000.0
1970;nzl;ven;469000.0;1000.0
1970;nzl;vnm;234000.0;0.0
1970;nzl;wld;1400626000.0;1237570000.0
1970;nzl;wsm;3089000.0;2417000.0
1970;nzl;xxb;101000.0;4047000.0
1970;nzl;xxe;5222000.0;13000.0
1970;nzl;xxh;7151000.0;2170000.0
1970;nzl;yar;3000.0;551000.0
1970;nzl;ymd;2000.0;2195000.0
1970;nzl;yug;4970000.0;2713000.0
1970;nzl;zaf;6522000.0;5222000.0
1970;nzl;zmb;719000.0;1000.0
1970;omn;aus;0.0;1950000.0
1970;omn;aut;1000.0;31000.0
1970;omn;bel;29051000.0;3898000.0
1970;omn;bhr;473000.0;747000.0
1970;omn;civ;0.0;64000.0
1970;omn;deu;104539000.0;8125000.0
1970;omn;dnk;20042000.0;1927000.0
1970;omn;egy;18000.0;840000.0
1970;omn;fdr;104539000.0;8125000.0
1970;omn;fin;0.0;42000.0
1970;omn;fra;101116000.0;4697000.0
1970;omn;gbr;18749000.0;15838000.0
1970;omn;grc;0.0;82000.0
1970;omn;hkg;0.0;172000.0
1970;omn;idn;0.0;2217000.0
1970;omn;ind;74000.0;2281000.0
1970;omn;irl;0.0;6000.0
1970;omn;irn;1935000.0;3988000.0
1970;omn;ita;27939000.0;4953000.0
1970;omn;jpn;64964000.0;2351000.0
1970;omn;kwt;272000.0;4443000.0
1970;omn;lbr;2000.0;0.0
1970;omn;lka;0.0;43000.0
1970;omn;mar;0.0;1000.0
1970;omn;mex;0.0;1000.0
1970;omn;mlt;0.0;12000.0
1970;omn;mmr;0.0;745000.0
1970;omn;nld;34838000.0;6539000.0
1970;omn;nor;0.0;24000.0
1970;omn;nzl;0.0;32000.0
1970;omn;phl;0.0;2000.0
1970;omn;som;217000.0;386000.0
1970;omn;swe;32760000.0;162000.0
1970;omn;wld;436990000.0;66599000.0
1970;pak;afg;3281000.0;22853000.0
1970;pak;alb;13000.0;7000.0
1970;pak;arg;16776000.0;13000.0
1970;pak;aus;21433000.0;23950000.0
1970;pak;aut;1300000.0;1821000.0
1970;pak;bdi;17000.0;0.0
1970;pak;bel;21219000.0;14139000.0
1970;pak;ben;40000.0;0.0
1970;pak;bfa;333000.0;1412000.0
1970;pak;bgr;8822000.0;10373000.0
1970;pak;bhr;6119000.0;9000.0
1970;pak;bhs;16000.0;0.0
1970;pak;bmu;33000.0;0.0
1970;pak;bol;97000.0;0.0
1970;pak;bra;2962000.0;27000.0
1970;pak;brb;1000.0;0.0
1970;pak;caf;55000.0;0.0
1970;pak;can;9537000.0;43576000.0
1970;pak;che;4280000.0;15128000.0
1970;pak;chl;626000.0;1000.0
1970;pak;chn;21002000.0;27725000.0
1970;pak;civ;468000.0;39000.0
1970;pak;cmr;1211000.0;87000.0
1970;pak;cod;97000.0;0.0
1970;pak;cog;10000.0;0.0
1970;pak;col;16000.0;2000.0
1970;pak;cri;24000.0;0.0
1970;pak;csk;7106000.0;13519000.0
1970;pak;cyp;2853000.0;136000.0
1970;pak;ddr;0.0;221000.0
1970;pak;deu;38351000.0;119936000.0
1970;pak;dji;238000.0;0.0
1970;pak;dnk;1965000.0;2859000.0
1970;pak;dom;597000.0;0.0
1970;pak;dza;367000.0;2000.0
1970;pak;ecu;187000.0;31000.0
1970;pak;egy;5138000.0;415000.0
1970;pak;esp;6994000.0;1031000.0
1970;pak;eth;385000.0;3000.0
1970;pak;fdr;38351000.0;119715000.0
1970;pak;fin;573000.0;1900000.0
1970;pak;fio;5000.0;16000.0
1970;pak;fji;650000.0;0.0
1970;pak;fra;19872000.0;17154000.0
1970;pak;gab;291000.0;0.0
1970;pak;gbr;82495000.0;119907000.0
1970;pak;gha;1674000.0;14000.0
1970;pak;gib;3000.0;26000.0
1970;pak;gin;697000.0;0.0
1970;pak;glp;15000.0;0.0
1970;pak;gmb;375000.0;0.0
1970;pak;gnb;2485000.0;4000.0
1970;pak;gnq;5000.0;0.0
1970;pak;grc;1119000.0;248000.0
1970;pak;gtm;237000.0;0.0
1970;pak;guy;664000.0;0.0
1970;pak;hkg;36794000.0;3914000.0
1970;pak;hnd;20000.0;0.0
1970;pak;hti;168000.0;1000.0
1970;pak;hun;4499000.0;6719000.0
1970;pak;idn;7226000.0;4061000.0
1970;pak;ind;0.0;35000.0
1970;pak;irl;2335000.0;41000.0
1970;pak;irn;6088000.0;29974000.0
1970;pak;irq;4368000.0;552000.0
1970;pak;isl;38000.0;2000.0
1970;pak;isr;12000.0;198000.0
1970;pak;ita;24753000.0;42421000.0
1970;pak;jam;52000.0;2000.0
1970;pak;jor;693000.0;7245000.0
1970;pak;jpn;42349000.0;129637000.0
1970;pak;ken;1518000.0;489000.0
1970;pak;khm;207000.0;0.0
1970;pak;kor;659000.0;3331000.0
1970;pak;kwt;9750000.0;1992000.0
1970;pak;lao;154000.0;0.0
1970;pak;lbn;470000.0;106000.0
1970;pak;lbr;46000.0;0.0
1970;pak;lby;624000.0;1000.0
1970;pak;lka;9639000.0;6294000.0
1970;pak;mar;2050000.0;26000.0
1970;pak;mdg;109000.0;41000.0
1970;pak;mex;266000.0;78000.0
1970;pak;mli;255000.0;0.0
1970;pak;mlt;57000.0;12000.0
1970;pak;mmr;2224000.0;5654000.0
1970;pak;mng;27000.0;0.0
1970;pak;moz;406000.0;3000.0
1970;pak;mrt;37000.0;0.0
1970;pak;mus;665000.0;0.0
1970;pak;mwi;1012000.0;1000.0
1970;pak;mys;3982000.0;2569000.0
1970;pak;naa;2000.0;2000.0
1970;pak;ner;629000.0;0.0
1970;pak;nga;9622000.0;199000.0
1970;pak;nic;54000.0;0.0
1970;pak;nld;10395000.0;15626000.0
1970;pak;nor;694000.0;3633000.0
1970;pak;npl;13000.0;232000.0
1970;pak;nzl;4340000.0;1477000.0
1970;pak;pan;73000.0;0.0
1970;pak;per;2831000.0;4000.0
1970;pak;phl;320000.0;34000.0
1970;pak;png;513000.0;0.0
1970;pak;pol;23463000.0;20248000.0
1970;pak;prk;412000.0;377000.0
1970;pak;prt;6487000.0;373000.0
1970;pak;pry;206000.0;0.0
1970;pak;rou;10608000.0;3578000.0
1970;pak;sau;5711000.0;8148000.0
1970;pak;sdn;1676000.0;91000.0
1970;pak;sen;218000.0;0.0
1970;pak;sgp;17858000.0;2343000.0
1970;pak;sle;365000.0;7000.0
1970;pak;slv;14000.0;0.0
1970;pak;som;137000.0;8000.0
1970;pak;sun;31047000.0;29292000.0
1970;pak;swe;5771000.0;5864000.0
1970;pak;syc;364000.0;0.0
1970;pak;syr;2206000.0;18000.0
1970;pak;tcd;95000.0;0.0
1970;pak;tgo;304000.0;0.0
1970;pak;tha;443000.0;137000.0
1970;pak;tto;251000.0;0.0
1970;pak;tun;487000.0;144000.0
1970;pak;tur;2816000.0;504000.0
1970;pak;twn;44000.0;803000.0
1970;pak;tza;2955000.0;508000.0
1970;pak;uga;3096000.0;1000.0
1970;pak;ury;2140000.0;0.0
1970;pak;usa;80202000.0;360514000.0
1970;pak;ven;126000.0;0.0
1970;pak;vnm;28000.0;1395000.0
1970;pak;wld;713652000.0;1171077000.0
1970;pak;wsm;84000.0;0.0
1970;pak;xxb;9000.0;21000.0
1970;pak;yar;37000.0;4000.0
1970;pak;ymd;13150000.0;15570000.0
1970;pak;yug;9466000.0;15569000.0
1970;pak;zaf;2406000.0;336000.0
1970;pak;zmb;803000.0;255000.0
1970;pan;ago;0.0;12000.0
1970;pan;arg;2326000.0;677000.0
1970;pan;aus;191000.0;809000.0
1970;pan;aut;2589000.0;383000.0
1970;pan;bel;3702000.0;3779000.0
1970;pan;bgr;0.0;57000.0
1970;pan;bhs;0.0;6000.0
1970;pan;bol;1660000.0;0.0
1970;pan;bra;12032000.0;220000.0
1970;pan;brb;25000.0;1000.0
1970;pan;can;7334000.0;5130000.0
1970;pan;che;5516000.0;2101000.0
1970;pan;chl;3284000.0;431000.0
1970;pan;chn;0.0;49000.0
1970;pan;cod;28000.0;0.0
1970;pan;cog;4000.0;0.0
1970;pan;col;729000.0;3803000.0
1970;pan;cri;2706000.0;5763000.0
1970;pan;csk;0.0;370000.0
1970;pan;ddr;0.0;195000.0
1970;pan;deu;23576000.0;11253000.0
1970;pan;dnk;1533000.0;3353000.0
1970;pan;dom;171000.0;23000.0
1970;pan;ecu;229000.0;416000.0
1970;pan;egy;3000.0;0.0
1970;pan;esp;3018000.0;2144000.0
1970;pan;fdr;23576000.0;11058000.0
1970;pan;fin;198000.0;262000.0
1970;pan;fra;269000.0;3003000.0
1970;pan;gbr;4413000.0;9034000.0
1970;pan;gha;265000.0;0.0
1970;pan;glp;37000.0;11000.0
1970;pan;grc;711000.0;195000.0
1970;pan;gtm;477000.0;1674000.0
1970;pan;guy;8000.0;0.0
1970;pan;hkg;198000.0;3979000.0
1970;pan;hnd;743000.0;730000.0
1970;pan;hti;6000.0;2000.0
1970;pan;hun;0.0;175000.0
1970;pan;idn;0.0;6000.0
1970;pan;ind;2000.0;582000.0
1970;pan;irl;0.0;9000.0
1970;pan;irn;1000.0;18000.0
1970;pan;isl;148000.0;57000.0
1970;pan;isr;134000.0;64000.0
1970;pan;ita;5505000.0;4368000.0
1970;pan;jam;57000.0;385000.0
1970;pan;jor;39000.0;0.0
1970;pan;jpn;2302000.0;23604000.0
1970;pan;kna;0.0;3000.0
1970;pan;kor;912000.0;80000.0
1970;pan;lbn;0.0;9000.0
1970;pan;lka;0.0;11000.0
1970;pan;mar;0.0;6000.0
1970;pan;mex;12339000.0;2762000.0
1970;pan;mys;0.0;38000.0
1970;pan;naa;1974000.0;577000.0
1970;pan;nic;4470000.0;1126000.0
1970;pan;nld;1745000.0;6386000.0
1970;pan;nor;1158000.0;894000.0
1970;pan;nzl;0.0;726000.0
1970;pan;pak;0.0;73000.0
1970;pan;pan;1719000.0;1719000.0
1970;pan;per;479000.0;462000.0
1970;pan;phl;1959000.0;123000.0
1970;pan;pol;0.0;328000.0
1970;pan;prt;26000.0;194000.0
1970;pan;pry;117000.0;0.0
1970;pan;rou;0.0;2000.0
1970;pan;sen;0.0;5000.0
1970;pan;sgp;1000.0;35000.0
1970;pan;slv;4143000.0;703000.0
1970;pan;sur;53000.0;1000.0
1970;pan;swe;2182000.0;2227000.0
1970;pan;tha;76000.0;16000.0
1970;pan;tto;22000.0;344000.0
1970;pan;tur;8000.0;3000.0
1970;pan;twn;138000.0;586000.0
1970;pan;ury;0.0;29000.0
1970;pan;usa;76391000.0;143089000.0
1970;pan;ven;1881000.0;63580000.0
1970;pan;vnm;4000.0;0.0
1970;pan;wld;208205000.0;356609000.0
1970;pan;xxh;376000.0;41099000.0
1970;pan;yug;9863000.0;48000.0
1970;pan;zaf;0.0;368000.0
1970;pan;zmb;0.0;19000.0
1970;per;ago;1000.0;0.0
1970;per;arg;14073000.0;40013000.0
1970;per;aus;1894000.0;6580000.0
1970;per;aut;9068000.0;2450000.0
1970;per;bel;37851000.0;14775000.0
1970;per;bgr;4263000.0;4000.0
1970;per;bhs;60000.0;16000.0
1970;per;blz;1000.0;0.0
1970;per;bmu;1000.0;0.0
1970;per;bol;1870000.0;672000.0
1970;per;bra;10158000.0;5084000.0
1970;per;brb;17000.0;0.0
1970;per;can;4119000.0;27960000.0
1970;per;che;15231000.0;11546000.0
1970;per;chl;7092000.0;11159000.0
1970;per;chn;2000.0;143000.0
1970;per;civ;0.0;10000.0
1970;per;cod;14000.0;0.0
1970;per;col;9818000.0;26718000.0
1970;per;cri;216000.0;2000.0
1970;per;csk;2063000.0;1028000.0
1970;per;cyp;18000.0;0.0
1970;per;ddr;1093000.0;79000.0
1970;per;deu;151220000.0;75447000.0
1970;per;dnk;4963000.0;2811000.0
1970;per;dom;15000.0;3000.0
1970;per;ecu;4364000.0;5808000.0
1970;per;esp;27370000.0;8285000.0
1970;per;fdr;150127000.0;75368000.0
1970;per;fin;3147000.0;3161000.0
1970;per;fra;37642000.0;11733000.0
1970;per;gbr;31675000.0;26840000.0
1970;per;gha;44000.0;21000.0
1970;per;glp;28000.0;0.0
1970;per;grc;634000.0;45000.0
1970;per;gtm;123000.0;7000.0
1970;per;guy;25000.0;27000.0
1970;per;hkg;610000.0;1771000.0
1970;per;hnd;93000.0;0.0
1970;per;hti;8000.0;2000.0
1970;per;hun;3992000.0;113000.0
1970;per;idn;0.0;880000.0
1970;per;ind;1428000.0;578000.0
1970;per;irl;2882000.0;452000.0
1970;per;irn;331000.0;102000.0
1970;per;irq;97000.0;0.0
1970;per;isl;2000.0;3000.0
1970;per;isr;3722000.0;216000.0
1970;per;ita;35706000.0;18069000.0
1970;per;jam;58000.0;31000.0
1970;per;jor;389000.0;0.0
1970;per;jpn;210444000.0;48894000.0
1970;per;kna;1000.0;0.0
1970;per;kor;3505000.0;38000.0
1970;per;kwt;465000.0;0.0
1970;per;lbn;399000.0;0.0
1970;per;lby;14000.0;0.0
1970;per;lka;94000.0;541000.0
1970;per;mac;0.0;6000.0
1970;per;mar;0.0;5000.0
1970;per;mdg;0.0;27000.0
1970;per;mex;13441000.0;12226000.0
1970;per;mlt;176000.0;1000.0
1970;per;mys;720000.0;1922000.0
1970;per;naa;237000.0;3129000.0
1970;per;ncl;3000.0;0.0
1970;per;nic;134000.0;31000.0
1970;per;nld;39040000.0;12954000.0
1970;per;nor;815000.0;4476000.0
1970;per;nzl;13000.0;6211000.0
1970;per;pak;4000.0;2831000.0
1970;per;pan;462000.0;479000.0
1970;per;phl;1198000.0;135000.0
1970;per;pol;19840000.0;383000.0
1970;per;prk;0.0;1000.0
1970;per;prt;864000.0;683000.0
1970;per;pry;98000.0;358000.0
1970;per;rou;1504000.0;37000.0
1970;per;sau;22000.0;0.0
1970;per;sdn;0.0;13000.0
1970;per;sgp;2349000.0;453000.0
1970;per;slv;122000.0;3000.0
1970;per;sun;104000.0;2295000.0
1970;per;sur;1000.0;39000.0
1970;per;swe;6579000.0;11444000.0
1970;per;tha;0.0;48000.0
1970;per;tto;1447000.0;9000.0
1970;per;tur;243000.0;0.0
1970;per;twn;1514000.0;336000.0
1970;per;ury;1234000.0;2115000.0
1970;per;usa;340519000.0;198599000.0
1970;per;ven;5612000.0;4812000.0
1970;per;vnm;236000.0;0.0
1970;per;wld;1105070000.0;621677000.0
1970;per;wsm;1000.0;0.0
1970;per;xxb;1000.0;0.0
1970;per;xxe;3000.0;0.0
1970;per;xxh;811000.0;0.0
1970;per;yug;22018000.0;182000.0
1970;per;zaf;385000.0;1396000.0
1970;phl;afg;11000.0;25000.0
1970;phl;arg;2705000.0;2596000.0
1970;phl;aus;4713000.0;56412000.0
1970;phl;aut;1342000.0;487000.0
1970;phl;bel;3194000.0;8638000.0
1970;phl;ben;0.0;26000.0
1970;phl;bhr;10000.0;336000.0
1970;phl;bhs;4000.0;50000.0
1970;phl;blz;1000.0;31000.0
1970;phl;bmu;3000.0;1000.0
1970;phl;bra;415000.0;743000.0
1970;phl;brb;11000.0;0.0
1970;phl;can;4145000.0;21008000.0
1970;phl;che;2365000.0;10175000.0
1970;phl;chl;20000.0;218000.0
1970;phl;civ;128000.0;6000.0
1970;phl;cmr;15000.0;0.0
1970;phl;cod;0.0;20000.0
1970;phl;cog;5000.0;0.0
1970;phl;col;5000.0;77000.0
1970;phl;cri;13000.0;27000.0
1970;phl;cyp;3000.0;49000.0
1970;phl;deu;43420000.0;68904000.0
1970;phl;dnk;3072000.0;3739000.0
1970;phl;dom;30000.0;0.0
1970;phl;dza;99000.0;0.0
1970;phl;ecu;2000.0;0.0
1970;phl;egy;1816000.0;96000.0
1970;phl;esp;10494000.0;1829000.0
1970;phl;fdr;43420000.0;68904000.0
1970;phl;fin;660000.0;918000.0
1970;phl;fji;21000.0;0.0
1970;phl;fra;7467000.0;19399000.0
1970;phl;gbr;13851000.0;51420000.0
1970;phl;gha;0.0;279000.0
1970;phl;gin;5000.0;16000.0
1970;phl;glp;2000.0;0.0
1970;phl;gnb;163000.0;0.0
1970;phl;grc;36000.0;103000.0
1970;phl;gtm;60000.0;63000.0
1970;phl;hkg;11799000.0;12373000.0
1970;phl;hnd;5000.0;832000.0
1970;phl;hti;1000.0;0.0
1970;phl;idn;1581000.0;29556000.0
1970;phl;ind;1327000.0;2833000.0
1970;phl;irl;683000.0;779000.0
1970;phl;irn;196000.0;30606000.0
1970;phl;irq;1000.0;445000.0
1970;phl;isl;17000.0;6000.0
1970;phl;isr;141000.0;786000.0
1970;phl;ita;5528000.0;16325000.0
1970;phl;jam;82000.0;2000.0
1970;phl;jor;105000.0;0.0
1970;phl;jpn;533504000.0;370413000.0
1970;phl;ken;5000.0;419000.0
1970;phl;khm;11000.0;4000.0
1970;phl;kna;3000.0;7000.0
1970;phl;kor;41679000.0;1140000.0
1970;phl;kwt;142000.0;27784000.0
1970;phl;lao;114000.0;2000.0
1970;phl;lbn;72000.0;27000.0
1970;phl;lbr;1000.0;0.0
1970;phl;lby;18000.0;0.0
1970;phl;lka;53000.0;18000.0
1970;phl;mac;0.0;45000.0
1970;phl;mar;208000.0;481000.0
1970;phl;mex;26000.0;1599000.0
1970;phl;mlt;3000.0;0.0
1970;phl;mmr;1000.0;0.0
1970;phl;moz;20000.0;22000.0
1970;phl;mus;3000.0;0.0
1970;phl;mwi;4000.0;5000.0
1970;phl;mys;2205000.0;27437000.0
1970;phl;naa;16000.0;28000.0
1970;phl;ncl;8000.0;0.0
1970;phl;nga;0.0;7000.0
1970;phl;nic;11000.0;217000.0
1970;phl;nld;15171000.0;24554000.0
1970;phl;nor;1767000.0;2339000.0
1970;phl;npl;1000.0;0.0
1970;phl;nzl;429000.0;7769000.0
1970;phl;omn;2000.0;0.0
1970;phl;pak;34000.0;320000.0
1970;phl;pan;123000.0;1959000.0
1970;phl;per;135000.0;1198000.0
1970;phl;png;70000.0;7000.0
1970;phl;pol;0.0;1000.0
1970;phl;prt;126000.0;1429000.0
1970;phl;pry;50000.0;0.0
1970;phl;sau;7000.0;13304000.0
1970;phl;sdn;208000.0;54000.0
1970;phl;sen;24000.0;4000.0
1970;phl;sgp;8831000.0;4520000.0
1970;phl;sle;0.0;7000.0
1970;phl;slv;3000.0;4000.0
1970;phl;som;181000.0;0.0
1970;phl;sur;1000.0;0.0
1970;phl;swe;11051000.0;7959000.0
1970;phl;tha;3314000.0;428000.0
1970;phl;tto;18000.0;565000.0
1970;phl;tur;21000.0;242000.0
1970;phl;twn;20711000.0;14596000.0
1970;phl;ury;103000.0;39000.0
1970;phl;usa;471765000.0;354864000.0
1970;phl;ven;946000.0;93000.0
1970;phl;vnm;1228000.0;317000.0
1970;phl;wld;1241275000.0;1211114000.0
1970;phl;wsm;3000.0;0.0
1970;phl;xxb;29000.0;8000.0
1970;phl;xxe;2987000.0;495000.0
1970;phl;xxh;0.0;1990000.0
1970;phl;ymd;1000.0;0.0
1970;phl;yug;82000.0;0.0
1970;phl;zaf;1963000.0;150000.0
1970;phl;zmb;11000.0;10000.0
1970;png;arg;0.0;10000.0
1970;png;aus;23860000.0;126326000.0
1970;png;aut;496000.0;60000.0
1970;png;bhr;23000.0;0.0
1970;png;dnk;100000.0;155000.0
1970;png;fji;11000.0;1000.0
1970;png;gbr;19773000.0;7167000.0
1970;png;hkg;7000.0;5150000.0
1970;png;ind;0.0;112000.0
1970;png;irl;149000.0;4000.0
1970;png;jpn;15757000.0;37743000.0
1970;png;khm;9000.0;0.0
1970;png;kor;1081000.0;380000.0
1970;png;mex;40000.0;5000.0
1970;png;mwi;0.0;280000.0
1970;png;mys;0.0;204000.0
1970;png;nzl;613000.0;4001000.0
1970;png;pak;0.0;513000.0
1970;png;phl;7000.0;70000.0
1970;png;pry;0.0;4000.0
1970;png;sgp;405000.0;6731000.0
1970;png;tha;4000.0;21000.0
1970;png;twn;0.0;20000.0
1970;png;usa;11714000.0;17785000.0
1970;png;ven;22000.0;0.0
1970;png;vnm;3000.0;0.0
1970;png;wld;74074000.0;206742000.0
1970;pol;afg;141000.0;432000.0
1970;pol;arg;11633000.0;15381000.0
1970;pol;aus;3492000.0;16946000.0
1970;pol;aut;57908000.0;44626000.0
1970;pol;bel;23992000.0;26403000.0
1970;pol;ben;103000.0;0.0
1970;pol;bfa;28000.0;0.0
1970;pol;bhr;410000.0;0.0
1970;pol;bol;184000.0;0.0
1970;pol;bra;11096000.0;23840000.0
1970;pol;brb;49000.0;0.0
1970;pol;caf;3000.0;10000.0
1970;pol;can;11515000.0;14550000.0
1970;pol;che;15723000.0;28028000.0
1970;pol;chl;2148000.0;0.0
1970;pol;civ;1135000.0;874000.0
1970;pol;cmr;761000.0;642000.0
1970;pol;cod;592000.0;0.0
1970;pol;cog;5000.0;423000.0
1970;pol;col;7645000.0;1523000.0
1970;pol;cri;223000.0;0.0
1970;pol;deu;202930000.0;174476000.0
1970;pol;dnk;44766000.0;37717000.0
1970;pol;ecu;1172000.0;184000.0
1970;pol;egy;22780000.0;17221000.0
1970;pol;esp;17873000.0;16601000.0
1970;pol;eth;740000.0;0.0
1970;pol;fdr;202930000.0;174476000.0
1970;pol;fin;39331000.0;27476000.0
1970;pol;fji;23000.0;0.0
1970;pol;fra;67962000.0;81173000.0
1970;pol;gab;3000.0;393000.0
1970;pol;gbr;151243000.0;135142000.0
1970;pol;gha;2164000.0;2076000.0
1970;pol;glp;65000.0;0.0
1970;pol;gmb;600000.0;0.0
1970;pol;grc;8646000.0;10754000.0
1970;pol;gtm;75000.0;0.0
1970;pol;guf;6000.0;0.0
1970;pol;guy;5000.0;0.0
1970;pol;hkg;2301000.0;1000.0
1970;pol;hnd;144000.0;1241000.0
1970;pol;idn;0.0;2024000.0
1970;pol;ind;34876000.0;27751000.0
1970;pol;irl;18218000.0;5121000.0
1970;pol;irn;5169000.0;5427000.0
1970;pol;isl;2287000.0;1798000.0
1970;pol;isr;25000.0;7000.0
1970;pol;ita;120756000.0;72114000.0
1970;pol;jor;1082000.0;0.0
1970;pol;jpn;39570000.0;22411000.0
1970;pol;ken;3083000.0;434000.0
1970;pol;khm;106000.0;0.0
1970;pol;kor;2000.0;0.0
1970;pol;kwt;2419000.0;1000.0
1970;pol;lbn;2703000.0;730000.0
1970;pol;lbr;1641000.0;185000.0
1970;pol;lby;6233000.0;0.0
1970;pol;lka;1904000.0;6830000.0
1970;pol;mar;14882000.0;9831000.0
1970;pol;mdg;48000.0;173000.0
1970;pol;mex;732000.0;1901000.0
1970;pol;mli;18000.0;0.0
1970;pol;mlt;217000.0;67000.0
1970;pol;mmr;364000.0;0.0
1970;pol;mrt;2000.0;0.0
1970;pol;mus;12000.0;0.0
1970;pol;mwi;8000.0;0.0
1970;pol;mys;651000.0;13446000.0
1970;pol;naa;27000.0;0.0
1970;pol;ner;270000.0;0.0
1970;pol;nga;6493000.0;4948000.0
1970;pol;nld;28556000.0;24563000.0
1970;pol;nor;17792000.0;11927000.0
1970;pol;nzl;562000.0;3670000.0
1970;pol;pak;20248000.0;23463000.0
1970;pol;pan;328000.0;0.0
1970;pol;per;383000.0;19840000.0
1970;pol;phl;1000.0;0.0
1970;pol;prt;4360000.0;1055000.0
1970;pol;pry;8000.0;62000.0
1970;pol;sdn;5498000.0;4767000.0
1970;pol;sen;368000.0;115000.0
1970;pol;sgp;991000.0;5632000.0
1970;pol;slv;1000.0;4356000.0
1970;pol;som;62000.0;0.0
1970;pol;swe;57472000.0;33909000.0
1970;pol;tcd;86000.0;0.0
1970;pol;tgo;173000.0;0.0
1970;pol;tha;3888000.0;1193000.0
1970;pol;tto;93000.0;0.0
1970;pol;tun;9246000.0;6711000.0
1970;pol;tur;28445000.0;8028000.0
1970;pol;tza;658000.0;1173000.0
1970;pol;uga;597000.0;4973000.0
1970;pol;usa;98677000.0;69831000.0
1970;pol;ven;2951000.0;126000.0
1970;pol;wld;1308715000.0;1138772000.0
1970;pol;wsm;1000.0;0.0
1970;pol;xxb;7000.0;0.0
1970;pol;yug;51741000.0;56836000.0
1970;pol;zmb;109000.0;3210000.0
1970;prk;arg;0.0;31000.0
1970;prk;aus;2000.0;5493000.0
1970;prk;aut;290000.0;3864000.0
1970;prk;bel;1778000.0;69000.0
1970;prk;ben;9000.0;0.0
1970;prk;bfa;0.0;36000.0
1970;prk;bhr;8000.0;0.0
1970;prk;che;539000.0;178000.0
1970;prk;chl;13000.0;0.0
1970;prk;civ;13000.0;0.0
1970;prk;cmr;123000.0;0.0
1970;prk;cod;2000.0;0.0
1970;prk;deu;12792000.0;7428000.0
1970;prk;egy;1326000.0;1495000.0
1970;prk;esp;921000.0;12000.0
1970;prk;fdr;12792000.0;7428000.0
1970;prk;fin;15000.0;14000.0
1970;prk;fra;733000.0;4549000.0
1970;prk;gbr;1624000.0;506000.0
1970;prk;gha;45000.0;0.0
1970;prk;glp;2000.0;0.0
1970;prk;grc;3000.0;0.0
1970;prk;hkg;3900000.0;12000.0
1970;prk;idn;0.0;126000.0
1970;prk;ind;0.0;652000.0
1970;prk;irl;113000.0;0.0
1970;prk;irn;0.0;1000.0
1970;prk;ita;411000.0;1394000.0
1970;prk;jor;23000.0;0.0
1970;prk;jpn;34418000.0;23336000.0
1970;prk;lbn;23000.0;0.0
1970;prk;lka;68000.0;0.0
1970;prk;mex;72000.0;0.0
1970;prk;mmr;78000.0;0.0
1970;prk;mus;60000.0;0.0
1970;prk;ner;38000.0;0.0
1970;prk;nld;1133000.0;85000.0
1970;prk;nor;16000.0;0.0
1970;prk;pak;377000.0;412000.0
1970;prk;per;1000.0;0.0
1970;prk;sdn;6000.0;0.0
1970;prk;sgp;3505000.0;3926000.0
1970;prk;swe;13000.0;92000.0
1970;prk;tgo;10000.0;0.0
1970;prk;tha;3000.0;0.0
1970;prk;usa;3000.0;0.0
1970;prk;wld;64533000.0;53724000.0
1970;prk;xxb;1000.0;0.0
1970;prk;yug;0.0;13000.0
1970;prk;zmb;23000.0;0.0
1970;prt;afg;6000.0;0.0
1970;prt;ago;118882000.0;153764000.0
1970;prt;arg;1527000.0;7689000.0
1970;prt;aus;3513000.0;4694000.0
1970;prt;aut;15246000.0;24856000.0
1970;prt;bdi;1000.0;255000.0
1970;prt;bel;26908000.0;43745000.0
1970;prt;bgr;414000.0;520000.0
1970;prt;bhr;31000.0;20281000.0
1970;prt;bhs;552000.0;63000.0
1970;prt;bol;140000.0;2000.0
1970;prt;bra;11949000.0;15897000.0
1970;prt;brb;221000.0;14000.0
1970;prt;caf;224000.0;0.0
1970;prt;can;13377000.0;12143000.0
1970;prt;che;23942000.0;55051000.0
1970;prt;chl;455000.0;16000.0
1970;prt;chn;24000.0;283000.0
1970;prt;civ;49000.0;28000.0
1970;prt;cmr;1000.0;27000.0
1970;prt;cod;4387000.0;700000.0
1970;prt;cog;1000.0;148000.0
1970;prt;col;231000.0;1048000.0
1970;prt;cri;182000.0;13000.0
1970;prt;csk;3213000.0;1339000.0
1970;prt;cub;0.0;206000.0
1970;prt;cyp;1389000.0;0.0
1970;prt;ddr;581000.0;226000.0
1970;prt;deu;69333000.0;246177000.0
1970;prt;dji;6000.0;0.0
1970;prt;dnk;28635000.0;19965000.0
1970;prt;dom;328000.0;4000.0
1970;prt;dza;0.0;136000.0
1970;prt;ecu;240000.0;5000.0
1970;prt;egy;89000.0;1969000.0
1970;prt;esp;19001000.0;68979000.0
1970;prt;eth;1000.0;1000.0
1970;prt;fdr;68752000.0;245951000.0
1970;prt;fin;18836000.0;10404000.0
1970;prt;fio;14000.0;25000.0
1970;prt;fji;11000.0;0.0
1970;prt;fra;48148000.0;110798000.0
1970;prt;gab;101000.0;0.0
1970;prt;gbr;162258000.0;221853000.0
1970;prt;gha;12000.0;0.0
1970;prt;gib;359000.0;41000.0
1970;prt;glp;254000.0;0.0
1970;prt;gmb;4000.0;509000.0
1970;prt;gnb;25577000.0;7610000.0
1970;prt;gnq;2000.0;19000.0
1970;prt;grc;2693000.0;3166000.0
1970;prt;grl;3000.0;0.0
1970;prt;gtm;483000.0;506000.0
1970;prt;guf;22000.0;0.0
1970;prt;guy;55000.0;9000.0
1970;prt;hkg;1386000.0;1456000.0
1970;prt;hnd;51000.0;14000.0
1970;prt;hti;19000.0;1000.0
1970;prt;hun;463000.0;176000.0
1970;prt;idn;1897000.0;1720000.0
1970;prt;ind;12000.0;389000.0
1970;prt;irl;5419000.0;771000.0
1970;prt;irn;930000.0;5403000.0
1970;prt;irq;2774000.0;48646000.0
1970;prt;isl;531000.0;6208000.0
1970;prt;isr;3233000.0;1810000.0
1970;prt;ita;28553000.0;84762000.0
1970;prt;jam;229000.0;12000.0
1970;prt;jor;442000.0;3000.0
1970;prt;jpn;9422000.0;43855000.0
1970;prt;ken;1000.0;2000.0
1970;prt;kor;61000.0;12000.0
1970;prt;kwt;11000.0;0.0
1970;prt;lao;7000.0;0.0
1970;prt;lbn;1469000.0;1196000.0
1970;prt;lbr;5000.0;4000.0
1970;prt;lby;3000.0;0.0
1970;prt;lka;242000.0;405000.0
1970;prt;mac;585000.0;5439000.0
1970;prt;mar;7558000.0;4510000.0
1970;prt;mdg;54000.0;315000.0
1970;prt;mex;1644000.0;1903000.0
1970;prt;mli;0.0;2000.0
1970;prt;mlt;535000.0;41000.0
1970;prt;mmr;16000.0;10000.0
1970;prt;moz;85971000.0;66533000.0
1970;prt;mrt;0.0;833000.0
1970;prt;mus;69000.0;2000.0
1970;prt;mwi;114000.0;184000.0
1970;prt;mys;768000.0;4271000.0
1970;prt;naa;217000.0;2726000.0
1970;prt;ncl;36000.0;5000.0
1970;prt;ner;0.0;12000.0
1970;prt;nga;1107000.0;5273000.0
1970;prt;nic;116000.0;406000.0
1970;prt;nld;20252000.0;39672000.0
1970;prt;nor;14717000.0;9621000.0
1970;prt;npl;0.0;2000.0
1970;prt;nzl;762000.0;2593000.0
1970;prt;pak;373000.0;6487000.0
1970;prt;pan;194000.0;26000.0
1970;prt;per;683000.0;864000.0
1970;prt;phl;1429000.0;126000.0
1970;prt;pol;1055000.0;4360000.0
1970;prt;pry;42000.0;120000.0
1970;prt;rou;2027000.0;1192000.0
1970;prt;rwa;22000.0;0.0
1970;prt;sau;362000.0;17213000.0
1970;prt;sdn;1000.0;1196000.0
1970;prt;sen;0.0;283000.0
1970;prt;sgp;1098000.0;149000.0
1970;prt;sle;0.0;9000.0
1970;prt;slv;54000.0;0.0
1970;prt;som;17000.0;0.0
1970;prt;sun;0.0;977000.0
1970;prt;sur;71000.0;0.0
1970;prt;swe;56329000.0;41816000.0
1970;prt;syc;1000.0;2000.0
1970;prt;syr;14000.0;401000.0
1970;prt;tcd;70000.0;0.0
1970;prt;tgo;6000.0;109000.0
1970;prt;tha;764000.0;2456000.0
1970;prt;tto;851000.0;14000.0
1970;prt;tun;25000.0;0.0
1970;prt;tur;930000.0;6517000.0
1970;prt;twn;250000.0;35000.0
1970;prt;tza;1000.0;0.0
1970;prt;uga;0.0;253000.0
1970;prt;ury;156000.0;90000.0
1970;prt;usa;95457000.0;113077000.0
1970;prt;ven;4057000.0;449000.0
1970;prt;vnm;371000.0;0.0
1970;prt;wld;976119000.0;1590222000.0
1970;prt;xxb;7000.0;0.0
1970;prt;xxe;1000.0;0.0
1970;prt;xxh;6371000.0;8197000.0
1970;prt;yar;13000.0;0.0
1970;prt;ymd;16000.0;0.0
1970;prt;yug;749000.0;77000.0
1970;prt;zaf;6913000.0;4756000.0
1970;prt;zmb;328000.0;2815000.0
1970;pry;arg;19852000.0;12578000.0
1970;pry;aus;207000.0;17000.0
1970;pry;aut;330000.0;499000.0
1970;pry;bel;2758000.0;477000.0
1970;pry;bgr;0.0;3000.0
1970;pry;bol;1000.0;11000.0
1970;pry;bra;1438000.0;2197000.0
1970;pry;brb;125000.0;0.0
1970;pry;can;627000.0;232000.0
1970;pry;che;941000.0;554000.0
1970;pry;chl;1728000.0;319000.0
1970;pry;chn;0.0;309000.0
1970;pry;civ;102000.0;0.0
1970;pry;cmr;8000.0;0.0
1970;pry;cod;8000.0;0.0
1970;pry;cog;15000.0;0.0
1970;pry;col;314000.0;42000.0
1970;pry;cri;0.0;1000.0
1970;pry;csk;0.0;216000.0
1970;pry;deu;7401000.0;10292000.0
1970;pry;dnk;815000.0;146000.0
1970;pry;dza;62000.0;7587000.0
1970;pry;ecu;600000.0;102000.0
1970;pry;esp;4312000.0;658000.0
1970;pry;fdr;7401000.0;10292000.0
1970;pry;fin;143000.0;154000.0
1970;pry;fra;6833000.0;1638000.0
1970;pry;gbr;4878000.0;6242000.0
1970;pry;gha;112000.0;0.0
1970;pry;grc;818000.0;58000.0
1970;pry;gtm;6000.0;13000.0
1970;pry;hkg;109000.0;186000.0
1970;pry;hun;0.0;56000.0
1970;pry;ind;1000.0;100000.0
1970;pry;irl;11000.0;0.0
1970;pry;isl;0.0;1000.0
1970;pry;isr;12000.0;5000.0
1970;pry;ita;1444000.0;1466000.0
1970;pry;jpn;2043000.0;5072000.0
1970;pry;ken;0.0;4000.0
1970;pry;kor;0.0;52000.0
1970;pry;kwt;6000.0;0.0
1970;pry;lbn;143000.0;0.0
1970;pry;lka;0.0;1000.0
1970;pry;mar;68000.0;458000.0
1970;pry;mdg;167000.0;0.0
1970;pry;mex;887000.0;188000.0
1970;pry;mlt;12000.0;0.0
1970;pry;naa;0.0;1089000.0
1970;pry;nic;1000.0;0.0
1970;pry;nld;3010000.0;758000.0
1970;pry;nor;13000.0;131000.0
1970;pry;pak;0.0;206000.0
1970;pry;pan;0.0;117000.0
1970;pry;per;358000.0;98000.0
1970;pry;phl;0.0;50000.0
1970;pry;png;4000.0;0.0
1970;pry;pol;62000.0;8000.0
1970;pry;prt;120000.0;42000.0
1970;pry;rou;0.0;83000.0
1970;pry;sen;34000.0;0.0
1970;pry;sgp;2000.0;0.0
1970;pry;slv;0.0;3000.0
1970;pry;swe;70000.0;1700000.0
1970;pry;tto;0.0;5000.0
1970;pry;tun;423000.0;0.0
1970;pry;tur;0.0;1000.0
1970;pry;twn;11000.0;284000.0
1970;pry;ury;2667000.0;1562000.0
1970;pry;usa;10606000.0;17093000.0
1970;pry;ven;24000.0;85000.0
1970;pry;vnm;20000.0;0.0
1970;pry;wld;80281000.0;75267000.0
1970;pry;xxh;3477000.0;0.0
1970;pry;yug;27000.0;17000.0
1970;pry;zaf;0.0;1000.0
1970;pry;zmb;15000.0;0.0
1970;qat;arg;7419000.0;0.0
1970;qat;aus;15425000.0;1097000.0
1970;qat;aut;0.0;324000.0
1970;qat;bel;20935000.0;1909000.0
1970;qat;bhr;399000.0;2765000.0
1970;qat;bra;1073000.0;1000.0
1970;qat;can;0.0;78000.0
1970;qat;cri;4000.0;0.0
1970;qat;deu;5870000.0;3400000.0
1970;qat;egy;34000.0;88000.0
1970;qat;fdr;5870000.0;3400000.0
1970;qat;fra;31971000.0;2316000.0
1970;qat;gbr;73356000.0;16316000.0
1970;qat;grc;0.0;23000.0
1970;qat;hkg;0.0;764000.0
1970;qat;ind;936000.0;10442000.0
1970;qat;irl;0.0;37000.0
1970;qat;irn;52000.0;639000.0
1970;qat;ita;36293000.0;1604000.0
1970;qat;jor;3000.0;86000.0
1970;qat;jpn;117482000.0;36905000.0
1970;qat;kwt;40000.0;2522000.0
1970;qat;mar;0.0;1000.0
1970;qat;mdg;5898000.0;0.0
1970;qat;mex;2000.0;0.0
1970;qat;mlt;0.0;3000.0
1970;qat;nld;18048000.0;1320000.0
1970;qat;nzl;0.0;65000.0
1970;qat;sdn;0.0;1000.0
1970;qat;swe;13575000.0;180000.0
1970;qat;twn;0.0;48000.0
1970;qat;usa;60851000.0;48790000.0
1970;qat;wld;409666000.0;131779000.0
1970;qat;yug;0.0;55000.0
1970;rou;arg;2793000.0;7459000.0
1970;rou;aus;1076000.0;5233000.0
1970;rou;aut;28751000.0;46739000.0
1970;rou;bel;8048000.0;23900000.0
1970;rou;ben;181000.0;0.0
1970;rou;bfa;1000.0;0.0
1970;rou;bhr;130000.0;0.0
1970;rou;bol;10000.0;0.0
1970;rou;bra;3873000.0;6651000.0
1970;rou;brb;21000.0;0.0
1970;rou;caf;1000.0;0.0
1970;rou;can;4868000.0;3365000.0
1970;rou;che;8754000.0;26305000.0
1970;rou;chl;7000.0;1452000.0
1970;rou;civ;791000.0;42000.0
1970;rou;cmr;55000.0;0.0
1970;rou;cod;287000.0;0.0
1970;rou;cog;14000.0;0.0
1970;rou;col;2063000.0;3690000.0
1970;rou;cri;21000.0;0.0
1970;rou;deu;158508000.0;193727000.0
1970;rou;dnk;4486000.0;5046000.0
1970;rou;ecu;9000.0;295000.0
1970;rou;egy;25882000.0;18588000.0
1970;rou;esp;11318000.0;10787000.0
1970;rou;eth;243000.0;0.0
1970;rou;fdr;158508000.0;193727000.0
1970;rou;fin;8304000.0;5291000.0
1970;rou;fio;2000.0;0.0
1970;rou;fra;53320000.0;82037000.0
1970;rou;gab;8000.0;0.0
1970;rou;gbr;55620000.0;68124000.0
1970;rou;gha;826000.0;636000.0
1970;rou;gmb;105000.0;0.0
1970;rou;grc;17798000.0;8979000.0
1970;rou;gtm;28000.0;164000.0
1970;rou;hkg;47000.0;1000.0
1970;rou;hnd;26000.0;0.0
1970;rou;ind;19114000.0;17393000.0
1970;rou;irl;1913000.0;114000.0
1970;rou;irn;31517000.0;1008000.0
1970;rou;isl;47000.0;3000.0
1970;rou;isr;25085000.0;11029000.0
1970;rou;ita;135001000.0;78941000.0
1970;rou;jor;3883000.0;68000.0
1970;rou;jpn;4287000.0;26148000.0
1970;rou;ken;329000.0;917000.0
1970;rou;kwt;6535000.0;3000.0
1970;rou;lbn;13020000.0;620000.0
1970;rou;lbr;34000.0;0.0
1970;rou;lby;12468000.0;734000.0
1970;rou;lka;2001000.0;3199000.0
1970;rou;mar;1888000.0;684000.0
1970;rou;mdg;56000.0;0.0
1970;rou;mex;1000.0;14000.0
1970;rou;mli;7000.0;0.0
1970;rou;mlt;2393000.0;0.0
1970;rou;mmr;30000.0;0.0
1970;rou;mys;84000.0;430000.0
1970;rou;naa;11000.0;0.0
1970;rou;ner;24000.0;0.0
1970;rou;nga;4246000.0;11000.0
1970;rou;nld;14418000.0;19539000.0
1970;rou;nor;2137000.0;491000.0
1970;rou;nzl;53000.0;0.0
1970;rou;pak;3578000.0;10608000.0
1970;rou;pan;2000.0;0.0
1970;rou;per;37000.0;1504000.0
1970;rou;prt;1192000.0;2027000.0
1970;rou;pry;83000.0;0.0
1970;rou;sdn;5243000.0;1804000.0
1970;rou;sen;102000.0;0.0
1970;rou;sgp;187000.0;14090000.0
1970;rou;som;25000.0;0.0
1970;rou;swe;11942000.0;20422000.0
1970;rou;tcd;67000.0;0.0
1970;rou;tgo;385000.0;0.0
1970;rou;tha;64000.0;323000.0
1970;rou;tto;144000.0;0.0
1970;rou;tun;935000.0;684000.0
1970;rou;tur;8253000.0;3951000.0
1970;rou;tza;85000.0;0.0
1970;rou;uga;45000.0;3655000.0
1970;rou;usa;13425000.0;66279000.0
1970;rou;ven;8626000.0;0.0
1970;rou;wld;769073000.0;835062000.0
1970;rou;wsm;15000.0;0.0
1970;rou;xxb;2000.0;0.0
1970;rou;yug;35551000.0;29858000.0
1970;rou;zmb;228000.0;0.0
1970;rwa;aus;2000.0;21000.0
1970;rwa;aut;116000.0;17000.0
1970;rwa;bel;2997000.0;3349000.0
1970;rwa;che;1000.0;137000.0
1970;rwa;deu;1241000.0;1885000.0
1970;rwa;dnk;0.0;79000.0
1970;rwa;egy;0.0;9000.0
1970;rwa;eth;0.0;28000.0
1970;rwa;fdr;1241000.0;1885000.0
1970;rwa;fin;0.0;19000.0
1970;rwa;fra;326000.0;1117000.0
1970;rwa;gbr;2339000.0;622000.0
1970;rwa;hkg;0.0;563000.0
1970;rwa;ind;0.0;43000.0
1970;rwa;irl;69000.0;0.0
1970;rwa;isr;0.0;141000.0
1970;rwa;ita;131000.0;412000.0
1970;rwa;jpn;398000.0;3338000.0
1970;rwa;ken;285000.0;2154000.0
1970;rwa;mex;2000.0;0.0
1970;rwa;nld;37000.0;284000.0
1970;rwa;nor;0.0;6000.0
1970;rwa;prt;0.0;22000.0
1970;rwa;som;0.0;1000.0
1970;rwa;swe;77000.0;55000.0
1970;rwa;twn;0.0;1000.0
1970;rwa;tza;229000.0;50000.0
1970;rwa;uga;20000.0;950000.0
1970;rwa;wld;8270000.0;15306000.0
1970;rwa;yug;0.0;3000.0
1970;sau;afg;0.0;25000.0
1970;sau;arg;1280000.0;5000.0
1970;sau;aus;40782000.0;16004000.0
1970;sau;aut;1277000.0;3960000.0
1970;sau;bel;94239000.0;21115000.0
1970;sau;bfa;7000.0;0.0
1970;sau;bhr;1273000.0;26340000.0
1970;sau;bol;1000.0;0.0
1970;sau;bra;57556000.0;19000.0
1970;sau;caf;3000.0;0.0
1970;sau;can;23056000.0;6943000.0
1970;sau;che;8000.0;12386000.0
1970;sau;chl;7908000.0;0.0
1970;sau;cmr;24000.0;0.0
1970;sau;cod;5977000.0;0.0
1970;sau;deu;200186000.0;64515000.0
1970;sau;dnk;40284000.0;5892000.0
1970;sau;egy;1404000.0;3581000.0
1970;sau;esp;160553000.0;1848000.0
1970;sau;eth;313000.0;7306000.0
1970;sau;fdr;200186000.0;64515000.0
1970;sau;fin;15000.0;809000.0
1970;sau;fji;83000.0;0.0
1970;sau;fra;171623000.0;29186000.0
1970;sau;gbr;248970000.0;78098000.0
1970;sau;grc;7166000.0;1990000.0
1970;sau;gtm;0.0;530000.0
1970;sau;hkg;21442000.0;5590000.0
1970;sau;idn;0.0;355000.0
1970;sau;ind;22088000.0;20562000.0
1970;sau;irl;16503000.0;247000.0
1970;sau;irn;493000.0;1561000.0
1970;sau;ita;290557000.0;34616000.0
1970;sau;jor;7220000.0;3735000.0
1970;sau;jpn;435127000.0;83799000.0
1970;sau;ken;11206000.0;369000.0
1970;sau;kor;38358000.0;139000.0
1970;sau;kwt;1976000.0;10905000.0
1970;sau;lbn;7035000.0;30409000.0
1970;sau;lbr;1807000.0;2000.0
1970;sau;lby;37000.0;0.0
1970;sau;lka;132000.0;6374000.0
1970;sau;mar;5000.0;339000.0
1970;sau;mdg;1652000.0;61000.0
1970;sau;mex;89000.0;3000.0
1970;sau;mli;14000.0;2000.0
1970;sau;mlt;0.0;31000.0
1970;sau;mmr;0.0;329000.0
1970;sau;mus;4000.0;0.0
1970;sau;mwi;407000.0;7000.0
1970;sau;mys;23641000.0;970000.0
1970;sau;naa;1870000.0;0.0
1970;sau;ner;1000.0;0.0
1970;sau;nga;98000.0;77000.0
1970;sau;nld;204050000.0;20073000.0
1970;sau;nor;318000.0;2739000.0
1970;sau;nzl;6179000.0;92000.0
1970;sau;pak;8148000.0;5711000.0
1970;sau;per;0.0;22000.0
1970;sau;phl;13304000.0;7000.0
1970;sau;prt;17213000.0;362000.0
1970;sau;sdn;33000.0;5387000.0
1970;sau;sen;0.0;3000.0
1970;sau;sgp;25948000.0;3969000.0
1970;sau;som;742000.0;16458000.0
1970;sau;swe;0.0;8739000.0
1970;sau;tgo;0.0;150000.0
1970;sau;tha;25782000.0;15478000.0
1970;sau;tto;51206000.0;0.0
1970;sau;tun;0.0;7000.0
1970;sau;tur;7367000.0;267000.0
1970;sau;twn;2757000.0;3822000.0
1970;sau;tza;3599000.0;555000.0
1970;sau;uga;0.0;97000.0
1970;sau;usa;19700000.0;129022000.0
1970;sau;ven;514000.0;0.0
1970;sau;vnm;3090000.0;0.0
1970;sau;wld;2336185000.0;695532000.0
1970;sau;yug;44000.0;1538000.0
1970;sau;zmb;441000.0;0.0
1970;sdn;are;16000.0;2000.0
1970;sdn;arg;24000.0;14000.0
1970;sdn;aus;567000.0;11051000.0
1970;sdn;aut;1476000.0;4533000.0
1970;sdn;bel;3002000.0;5967000.0
1970;sdn;bgr;621000.0;432000.0
1970;sdn;bra;3000.0;283000.0
1970;sdn;caf;485000.0;3000.0
1970;sdn;can;149000.0;2286000.0
1970;sdn;che;2654000.0;3422000.0
1970;sdn;chn;17231000.0;11567000.0
1970;sdn;civ;1000.0;0.0
1970;sdn;cmr;0.0;3000.0
1970;sdn;cod;19000.0;1000.0
1970;sdn;cog;0.0;47000.0
1970;sdn;col;35000.0;0.0
1970;sdn;cri;10000.0;0.0
1970;sdn;csk;4582000.0;2500000.0
1970;sdn;cyp;14000.0;19000.0
1970;sdn;ddr;1864000.0;2013000.0
1970;sdn;deu;41388000.0;24419000.0
1970;sdn;dji;241000.0;1000.0
1970;sdn;dnk;807000.0;1478000.0
1970;sdn;dza;1110000.0;1000.0
1970;sdn;ecu;17000.0;0.0
1970;sdn;egy;17173000.0;15289000.0
1970;sdn;esp;2125000.0;629000.0
1970;sdn;eth;331000.0;351000.0
1970;sdn;fdr;39524000.0;22406000.0
1970;sdn;fin;1367000.0;382000.0
1970;sdn;fra;10267000.0;4933000.0
1970;sdn;gbr;5371000.0;51484000.0
1970;sdn;gha;163000.0;0.0
1970;sdn;grc;1798000.0;552000.0
1970;sdn;guy;7000.0;0.0
1970;sdn;hkg;4175000.0;495000.0
1970;sdn;hun;4343000.0;3966000.0
1970;sdn;ind;34777000.0;40856000.0
1970;sdn;irl;158000.0;13000.0
1970;sdn;irn;31000.0;101000.0
1970;sdn;irq;608000.0;271000.0
1970;sdn;isl;14000.0;0.0
1970;sdn;ita;34236000.0;6970000.0
1970;sdn;jor;921000.0;3000.0
1970;sdn;jpn;30072000.0;16161000.0
1970;sdn;ken;56000.0;1279000.0
1970;sdn;kor;0.0;85000.0
1970;sdn;kwt;193000.0;697000.0
1970;sdn;lbn;973000.0;1434000.0
1970;sdn;lbr;3000.0;0.0
1970;sdn;lby;208000.0;4000.0
1970;sdn;lka;2000.0;1986000.0
1970;sdn;mex;8000.0;0.0
1970;sdn;mlt;0.0;1000.0
1970;sdn;mmr;205000.0;9000.0
1970;sdn;mys;87000.0;266000.0
1970;sdn;nga;13000.0;31000.0
1970;sdn;nld;3001000.0;8293000.0
1970;sdn;nor;282000.0;312000.0
1970;sdn;nzl;83000.0;202000.0
1970;sdn;pak;91000.0;1676000.0
1970;sdn;per;13000.0;0.0
1970;sdn;phl;54000.0;208000.0
1970;sdn;pol;4767000.0;5498000.0
1970;sdn;prk;0.0;6000.0
1970;sdn;prt;1196000.0;1000.0
1970;sdn;qat;1000.0;0.0
1970;sdn;rou;1804000.0;5243000.0
1970;sdn;sau;5387000.0;33000.0
1970;sdn;sgp;196000.0;444000.0
1970;sdn;som;3000.0;5000.0
1970;sdn;sun;49519000.0;23916000.0
1970;sdn;swe;1385000.0;3861000.0
1970;sdn;syr;115000.0;459000.0
1970;sdn;tcd;85000.0;21000.0
1970;sdn;tha;133000.0;58000.0
1970;sdn;tto;5000.0;0.0
1970;sdn;tun;118000.0;14000.0
1970;sdn;tur;22000.0;69000.0
1970;sdn;twn;1108000.0;128000.0
1970;sdn;tza;2000.0;193000.0
1970;sdn;uga;16000.0;4793000.0
1970;sdn;usa;11769000.0;8098000.0
1970;sdn;ven;644000.0;0.0
1970;sdn;vnm;7000.0;0.0
1970;sdn;wld;309296000.0;311192000.0
1970;sdn;xxh;8000.0;28108000.0
1970;sdn;yar;46000.0;0.0
1970;sdn;ymd;293000.0;0.0
1970;sdn;yug;3004000.0;3276000.0
1970;sdn;zmb;2000.0;0.0
1970;sen;ago;22000.0;0.0
1970;sen;alb;0.0;17000.0
1970;sen;arg;10000.0;306000.0
1970;sen;aus;0.0;73000.0
1970;sen;aut;6000.0;210000.0
1970;sen;bel;1798000.0;3925000.0
1970;sen;ben;1855000.0;699000.0
1970;sen;bfa;1028000.0;1000.0
1970;sen;bgr;0.0;14000.0
1970;sen;bmu;2000.0;0.0
1970;sen;bra;14000.0;1320000.0
1970;sen;brb;6000.0;8000.0
1970;sen;caf;65000.0;0.0
1970;sen;can;1000.0;288000.0
1970;sen;che;125000.0;1621000.0
1970;sen;chl;0.0;48000.0
1970;sen;chn;0.0;4490000.0
1970;sen;civ;10281000.0;9659000.0
1970;sen;cmr;1257000.0;61000.0
1970;sen;cod;333000.0;148000.0
1970;sen;cog;243000.0;321000.0
1970;sen;csk;0.0;368000.0
1970;sen;cyp;0.0;1000.0
1970;sen;ddr;0.0;158000.0
1970;sen;deu;7295000.0;12632000.0
1970;sen;dji;10000.0;0.0
1970;sen;dnk;68000.0;489000.0
1970;sen;dza;8000.0;3955000.0
1970;sen;egy;43000.0;114000.0
1970;sen;esp;1616000.0;682000.0
1970;sen;eth;0.0;32000.0
1970;sen;fdr;7295000.0;12474000.0
1970;sen;fin;339000.0;535000.0
1970;sen;fio;584000.0;13000.0
1970;sen;fra;90300000.0;98641000.0
1970;sen;gab;858000.0;4414000.0
1970;sen;gbr;5063000.0;2694000.0
1970;sen;gha;262000.0;0.0
1970;sen;gib;0.0;1000.0
1970;sen;gin;631000.0;40000.0
1970;sen;glp;27000.0;0.0
1970;sen;gmb;147000.0;12000.0
1970;sen;gnb;114000.0;0.0
1970;sen;gnq;2000.0;0.0
1970;sen;grc;179000.0;119000.0
1970;sen;guf;17000.0;0.0
1970;sen;guy;3000.0;0.0
1970;sen;hkg;17000.0;498000.0
1970;sen;hnd;7000.0;1000.0
1970;sen;hun;187000.0;69000.0
1970;sen;idn;0.0;11000.0
1970;sen;ind;279000.0;305000.0
1970;sen;irl;820000.0;8000.0
1970;sen;irn;0.0;37000.0
1970;sen;irq;0.0;120000.0
1970;sen;isr;1000.0;86000.0
1970;sen;ita;4350000.0;6217000.0
1970;sen;jpn;5029000.0;824000.0
1970;sen;ken;0.0;13000.0
1970;sen;khm;1000.0;4553000.0
1970;sen;kor;0.0;492000.0
1970;sen;kwt;3000.0;0.0
1970;sen;lao;108000.0;0.0
1970;sen;lbn;137000.0;129000.0
1970;sen;lbr;352000.0;2000.0
1970;sen;lby;6000.0;0.0
1970;sen;mar;308000.0;1548000.0
1970;sen;mdg;839000.0;2790000.0
1970;sen;mex;1000.0;0.0
1970;sen;mli;2888000.0;933000.0
1970;sen;mlt;5000.0;2000.0
1970;sen;mrt;3506000.0;13000.0
1970;sen;mwi;0.0;21000.0
1970;sen;mys;22000.0;5000.0
1970;sen;naa;3000.0;86000.0
1970;sen;ncl;6000.0;0.0
1970;sen;ner;3133000.0;40000.0
1970;sen;nga;959000.0;12000.0
1970;sen;nld;6065000.0;4548000.0
1970;sen;nor;3009000.0;199000.0
1970;sen;nzl;0.0;1000.0
1970;sen;pak;0.0;218000.0
1970;sen;pan;5000.0;0.0
1970;sen;phl;4000.0;24000.0
1970;sen;pol;115000.0;368000.0
1970;sen;prt;283000.0;0.0
1970;sen;pry;0.0;34000.0
1970;sen;rou;0.0;102000.0
1970;sen;sau;3000.0;0.0
1970;sen;sle;789000.0;128000.0
1970;sen;som;1000.0;0.0
1970;sen;sun;31000.0;235000.0
1970;sen;swe;587000.0;956000.0
1970;sen;syr;48000.0;31000.0
1970;sen;tcd;776000.0;1000.0
1970;sen;tgo;217000.0;7000.0
1970;sen;tha;0.0;7529000.0
1970;sen;tto;35000.0;0.0
1970;sen;tun;1000.0;174000.0
1970;sen;tur;5000.0;177000.0
1970;sen;twn;7000.0;26000.0
1970;sen;tza;0.0;199000.0
1970;sen;ury;0.0;3000.0
1970;sen;usa;752000.0;9196000.0
1970;sen;ven;0.0;225000.0
1970;sen;vnm;0.0;6000.0
1970;sen;wld;164617000.0;192443000.0
1970;sen;xxh;4275000.0;1187000.0
1970;sen;yug;0.0;45000.0
1970;sen;zaf;30000.0;47000.0
1970;sen;zmb;0.0;11000.0
1970;sgp;afg;477000.0;49000.0
1970;sgp;ago;294000.0;721000.0
1970;sgp;are;2219000.0;157000.0
1970;sgp;arg;6859000.0;1539000.0
1970;sgp;aus;16438000.0;111781000.0
1970;sgp;aut;234000.0;5686000.0
1970;sgp;bel;4651000.0;13098000.0
1970;sgp;bgr;6780000.0;989000.0
1970;sgp;bhr;1679000.0;20263000.0
1970;sgp;bol;204000.0;0.0
1970;sgp;bra;1479000.0;4138000.0
1970;sgp;can;19350000.0;13406000.0
1970;sgp;che;1083000.0;23480000.0
1970;sgp;chl;41000.0;197000.0
1970;sgp;chn;22671000.0;125930000.0
1970;sgp;civ;229000.0;602000.0
1970;sgp;col;1234000.0;334000.0
1970;sgp;cri;12000.0;0.0
1970;sgp;csk;2342000.0;3608000.0
1970;sgp;cub;931000.0;4310000.0
1970;sgp;cyp;780000.0;10000.0
1970;sgp;ddr;527000.0;5853000.0
1970;sgp;deu;12336000.0;88579000.0
1970;sgp;dnk;1498000.0;11011000.0
1970;sgp;dom;70000.0;0.0
1970;sgp;dza;1079000.0;14000.0
1970;sgp;ecu;1000.0;9000.0
1970;sgp;egy;1851000.0;10000.0
1970;sgp;esp;1002000.0;1741000.0
1970;sgp;eth;1062000.0;896000.0
1970;sgp;fdr;11809000.0;82726000.0
1970;sgp;fin;350000.0;928000.0
1970;sgp;fio;1846000.0;0.0
1970;sgp;fji;4011000.0;1240000.0
1970;sgp;fra;5780000.0;28257000.0
1970;sgp;gbr;79782000.0;185982000.0
1970;sgp;gha;114000.0;1248000.0
1970;sgp;glp;1000.0;0.0
1970;sgp;grc;251000.0;120000.0
1970;sgp;gtm;23000.0;0.0
1970;sgp;guy;198000.0;0.0
1970;sgp;hkg;59123000.0;61570000.0
1970;sgp;hun;117000.0;329000.0
1970;sgp;idn;910000.0;390000.0
1970;sgp;ind;2058000.0;22578000.0
1970;sgp;irl;247000.0;1326000.0
1970;sgp;irn;2044000.0;55819000.0
1970;sgp;irq;2796000.0;337000.0
1970;sgp;isl;5000.0;6000.0
1970;sgp;isr;3306000.0;4675000.0
1970;sgp;ita;4177000.0;29976000.0
1970;sgp;jor;112000.0;173000.0
1970;sgp;jpn;86549000.0;476299000.0
1970;sgp;ken;652000.0;1198000.0
1970;sgp;khm;3029000.0;4111000.0
1970;sgp;kor;13540000.0;12973000.0
1970;sgp;kwt;2161000.0;117767000.0
1970;sgp;lao;6258000.0;1223000.0
1970;sgp;lbn;1164000.0;53000.0
1970;sgp;lbr;8097000.0;327000.0
1970;sgp;lby;815000.0;335000.0
1970;sgp;lka;5163000.0;2227000.0
1970;sgp;mar;183000.0;660000.0
1970;sgp;mdg;79000.0;11029000.0
1970;sgp;mex;5918000.0;1494000.0
1970;sgp;mlt;347000.0;14000.0
1970;sgp;mmr;2902000.0;12521000.0
1970;sgp;moz;2799000.0;2385000.0
1970;sgp;mus;1132000.0;156000.0
1970;sgp;mwi;137000.0;0.0
1970;sgp;mys;104649000.0;458497000.0
1970;sgp;naa;878000.0;10869000.0
1970;sgp;ncl;1012000.0;58000.0
1970;sgp;nga;3225000.0;558000.0
1970;sgp;nic;108000.0;224000.0
1970;sgp;nld;13356000.0;30556000.0
1970;sgp;nor;326000.0;6800000.0
1970;sgp;npl;211000.0;207000.0
1970;sgp;nzl;3088000.0;13358000.0
1970;sgp;pak;2343000.0;17858000.0
1970;sgp;pan;35000.0;1000.0
1970;sgp;per;453000.0;2349000.0
1970;sgp;phl;4520000.0;8831000.0
1970;sgp;png;6731000.0;405000.0
1970;sgp;pol;5632000.0;991000.0
1970;sgp;prk;3926000.0;3505000.0
1970;sgp;prt;149000.0;1098000.0
1970;sgp;pry;0.0;2000.0
1970;sgp;rou;14090000.0;187000.0
1970;sgp;sau;3969000.0;25948000.0
1970;sgp;sdn;444000.0;196000.0
1970;sgp;slv;10000.0;0.0
1970;sgp;som;2230000.0;0.0
1970;sgp;sun;46522000.0;10590000.0
1970;sgp;swe;2008000.0;11464000.0
1970;sgp;syr;246000.0;40000.0
1970;sgp;tha;12630000.0;48808000.0
1970;sgp;tto;1628000.0;225000.0
1970;sgp;tun;4000.0;0.0
1970;sgp;tur;5544000.0;127000.0
1970;sgp;twn;5343000.0;41947000.0
1970;sgp;tza;783000.0;15592000.0
1970;sgp;uga;395000.0;648000.0
1970;sgp;ury;938000.0;74000.0
1970;sgp;usa;81101000.0;266083000.0
1970;sgp;ven;84000.0;133000.0
1970;sgp;vnm;18351000.0;5625000.0
1970;sgp;wld;787790000.0;2461250000.0
1970;sgp;wsm;277000.0;0.0
1970;sgp;xxb;13968000.0;614000.0
1970;sgp;ymd;3570000.0;1687000.0
1970;sgp;yug;4698000.0;2000000.0
1970;sgp;zmb;1253000.0;811000.0
1970;shn;arg;0.0;5000.0
1970;shn;che;18000.0;49000.0
1970;shn;dnk;0.0;33000.0
1970;shn;fin;32000.0;0.0
1970;shn;gbr;109000.0;1539000.0
1970;shn;jpn;0.0;30000.0
1970;shn;swe;1000.0;0.0
1970;shn;tto;11000.0;244000.0
1970;shn;usa;630000.0;433000.0
1970;shn;wld;801000.0;2333000.0
1970;sle;arg;0.0;1000.0
1970;sle;aus;22000.0;161000.0
1970;sle;aut;6000.0;131000.0
1970;sle;bel;103000.0;1426000.0
1970;sle;ben;3000.0;0.0
1970;sle;bra;0.0;4000.0
1970;sle;can;1000.0;873000.0
1970;sle;che;177000.0;642000.0
1970;sle;civ;47000.0;141000.0
1970;sle;cod;10000.0;0.0
1970;sle;cri;1000.0;0.0
1970;sle;deu;10193000.0;7060000.0
1970;sle;dnk;619000.0;991000.0
1970;sle;egy;3000.0;3546000.0
1970;sle;esp;61000.0;648000.0
1970;sle;fdr;10193000.0;7060000.0
1970;sle;fin;15000.0;178000.0
1970;sle;fra;665000.0;4596000.0
1970;sle;gab;0.0;1201000.0
1970;sle;gbr;10493000.0;28190000.0
1970;sle;gha;29000.0;94000.0
1970;sle;gmb;153000.0;75000.0
1970;sle;grc;0.0;44000.0
1970;sle;hkg;20000.0;1952000.0
1970;sle;ind;447000.0;1572000.0
1970;sle;irl;669000.0;168000.0
1970;sle;irn;0.0;2000.0
1970;sle;isl;0.0;1000.0
1970;sle;isr;0.0;19000.0
1970;sle;ita;1738000.0;1655000.0
1970;sle;jpn;9178000.0;9150000.0
1970;sle;kor;0.0;16000.0
1970;sle;lbn;22000.0;280000.0
1970;sle;lbr;339000.0;97000.0
1970;sle;lka;0.0;1000.0
1970;sle;mar;32000.0;136000.0
1970;sle;mex;0.0;2000.0
1970;sle;mli;6000.0;5000.0
1970;sle;mlt;0.0;27000.0
1970;sle;mmr;0.0;1235000.0
1970;sle;mwi;0.0;1065000.0
1970;sle;naa;0.0;118000.0
1970;sle;ner;8000.0;0.0
1970;sle;nga;200000.0;2804000.0
1970;sle;nld;11121000.0;3086000.0
1970;sle;nor;9000.0;63000.0
1970;sle;nzl;4000.0;11000.0
1970;sle;pak;7000.0;365000.0
1970;sle;phl;7000.0;0.0
1970;sle;prt;9000.0;0.0
1970;sle;sen;128000.0;789000.0
1970;sle;swe;27000.0;696000.0
1970;sle;tcd;2000.0;0.0
1970;sle;tgo;20000.0;1000.0
1970;sle;twn;0.0;212000.0
1970;sle;usa;8035000.0;8122000.0
1970;sle;ven;0.0;97000.0
1970;sle;wld;54638000.0;83777000.0
1970;sle;yug;0.0;28000.0
1970;sle;zmb;9000.0;0.0
1970;slv;arg;5000.0;197000.0
1970;slv;aus;4000.0;18000.0
1970;slv;aut;2289000.0;85000.0
1970;slv;bel;428000.0;5683000.0
1970;slv;ben;1000.0;0.0
1970;slv;bhs;0.0;6000.0
1970;slv;bmu;0.0;1000.0
1970;slv;bol;8000.0;0.0
1970;slv;bra;1000.0;93000.0
1970;slv;brb;4000.0;0.0
1970;slv;can;3872000.0;3521000.0
1970;slv;che;3782000.0;2364000.0
1970;slv;chl;6000.0;16000.0
1970;slv;chn;0.0;25000.0
1970;slv;civ;14000.0;0.0
1970;slv;cod;0.0;15000.0
1970;slv;col;29000.0;705000.0
1970;slv;cri;20067000.0;11199000.0
1970;slv;csk;41000.0;49000.0
1970;slv;deu;61489000.0;16596000.0
1970;slv;dnk;1726000.0;822000.0
1970;slv;dom;168000.0;15000.0
1970;slv;ecu;273000.0;109000.0
1970;slv;esp;39000.0;871000.0
1970;slv;fdr;61489000.0;16596000.0
1970;slv;fin;4091000.0;122000.0
1970;slv;fra;417000.0;1906000.0
1970;slv;gbr;782000.0;6250000.0
1970;slv;grc;0.0;104000.0
1970;slv;gtm;39464000.0;40623000.0
1970;slv;hkg;5000.0;453000.0
1970;slv;hti;0.0;9000.0
1970;slv;hun;1957000.0;33000.0
1970;slv;ind;0.0;5000.0
1970;slv;irl;19000.0;3000.0
1970;slv;irn;0.0;1000.0
1970;slv;isr;0.0;40000.0
1970;slv;ita;443000.0;3776000.0
1970;slv;jam;12000.0;233000.0
1970;slv;jpn;28113000.0;21930000.0
1970;slv;kor;0.0;1000.0
1970;slv;lbn;0.0;1000.0
1970;slv;lby;22000.0;0.0
1970;slv;lka;0.0;48000.0
1970;slv;mar;0.0;53000.0
1970;slv;mex;125000.0;3158000.0
1970;slv;mlt;1000.0;0.0
1970;slv;naa;2000.0;776000.0
1970;slv;nic;15419000.0;8746000.0
1970;slv;nld;3266000.0;9697000.0
1970;slv;nor;1205000.0;109000.0
1970;slv;nzl;0.0;10000.0
1970;slv;pak;0.0;14000.0
1970;slv;pan;703000.0;4143000.0
1970;slv;per;3000.0;122000.0
1970;slv;phl;4000.0;3000.0
1970;slv;pol;4356000.0;1000.0
1970;slv;prt;0.0;54000.0
1970;slv;pry;3000.0;0.0
1970;slv;sgp;0.0;10000.0
1970;slv;swe;439000.0;931000.0
1970;slv;tha;0.0;30000.0
1970;slv;tto;1000.0;54000.0
1970;slv;twn;137000.0;4000.0
1970;slv;ury;0.0;4000.0
1970;slv;usa;48349000.0;62877000.0
1970;slv;ven;132000.0;3228000.0
1970;slv;wld;243747000.0;212024000.0
1970;slv;yug;0.0;12000.0
1970;slv;zaf;31000.0;60000.0
1970;som;arg;0.0;4000.0
1970;som;aus;2000.0;96000.0
1970;som;aut;4000.0;194000.0
1970;som;bel;367000.0;201000.0
1970;som;bgr;0.0;56000.0
1970;som;bhr;174000.0;0.0
1970;som;can;0.0;13000.0
1970;som;che;486000.0;87000.0
1970;som;chn;311000.0;774000.0
1970;som;civ;5000.0;1000.0
1970;som;col;1000.0;0.0
1970;som;csk;1000.0;347000.0
1970;som;cub;0.0;9000.0
1970;som;deu;253000.0;4121000.0
1970;som;dji;36000.0;6000.0
1970;som;dnk;70000.0;94000.0
1970;som;egy;150000.0;420000.0
1970;som;esp;8000.0;15000.0
1970;som;eth;2000.0;1242000.0
1970;som;fdr;253000.0;4121000.0
1970;som;fin;0.0;5000.0
1970;som;fio;1000.0;4000.0
1970;som;fra;654000.0;525000.0
1970;som;gbr;118000.0;2805000.0
1970;som;gha;8000.0;0.0
1970;som;grc;733000.0;1000.0
1970;som;gtm;1000.0;0.0
1970;som;hkg;147000.0;331000.0
1970;som;hun;0.0;38000.0
1970;som;idn;0.0;27000.0
1970;som;ind;2000.0;576000.0
1970;som;irn;2000.0;1058000.0
1970;som;irq;1000.0;142000.0
1970;som;isr;0.0;92000.0
1970;som;ita;14859000.0;13288000.0
1970;som;jpn;109000.0;3349000.0
1970;som;ken;58000.0;2368000.0
1970;som;kor;0.0;9000.0
1970;som;kwt;620000.0;299000.0
1970;som;lbn;27000.0;12000.0
1970;som;lby;49000.0;0.0
1970;som;lka;0.0;472000.0
1970;som;mar;1000.0;9000.0
1970;som;mdg;1000.0;0.0
1970;som;mlt;0.0;10000.0
1970;som;mwi;0.0;1000.0
1970;som;mys;0.0;192000.0
1970;som;ner;1000.0;0.0
1970;som;nga;2000.0;30000.0
1970;som;nld;24000.0;408000.0
1970;som;nor;0.0;14000.0
1970;som;nzl;2000.0;0.0
1970;som;omn;386000.0;217000.0
1970;som;pak;8000.0;137000.0
1970;som;phl;0.0;181000.0
1970;som;pol;0.0;62000.0
1970;som;prt;0.0;17000.0
1970;som;rou;0.0;25000.0
1970;som;rwa;1000.0;0.0
1970;som;sau;16458000.0;742000.0
1970;som;sdn;5000.0;3000.0
1970;som;sen;0.0;1000.0
1970;som;sgp;0.0;2230000.0
1970;som;sun;472000.0;2999000.0
1970;som;swe;10000.0;71000.0
1970;som;tgo;18000.0;0.0
1970;som;tha;0.0;52000.0
1970;som;tto;18000.0;0.0
1970;som;tur;2000.0;0.0
1970;som;twn;15000.0;616000.0
1970;som;tza;45000.0;26000.0
1970;som;uga;1000.0;89000.0
1970;som;usa;247000.0;3567000.0
1970;som;ven;9000.0;0.0
1970;som;vnm;4000.0;0.0
1970;som;wld;40396000.0;46213000.0
1970;som;xxh;10000.0;0.0
1970;som;yar;2000.0;0.0
1970;som;ymd;3215000.0;1365000.0
1970;som;yug;175000.0;65000.0
1970;som;zmb;5000.0;3000.0
1970;spm;aus;0.0;2000.0
1970;spm;aut;0.0;3000.0
1970;spm;bel;0.0;19000.0
1970;spm;can;47000.0;5795000.0
1970;spm;cri;8000.0;0.0
1970;spm;deu;12000.0;111000.0
1970;spm;esp;0.0;3000.0
1970;spm;fdr;12000.0;111000.0
1970;spm;fin;0.0;1000.0
1970;spm;fra;115000.0;2352000.0
1970;spm;gab;0.0;7000.0
1970;spm;gbr;1000.0;197000.0
1970;spm;ita;820000.0;96000.0
1970;spm;jpn;0.0;8000.0
1970;spm;mar;0.0;2000.0
1970;spm;nld;1000.0;174000.0
1970;spm;nor;0.0;13000.0
1970;spm;nzl;0.0;13000.0
1970;spm;tto;5000.0;0.0
1970;spm;usa;925000.0;526000.0
1970;spm;wld;1934000.0;9322000.0
1970;sun;afg;37428000.0;32520000.0
1970;sun;arg;3100000.0;27343000.0
1970;sun;aus;3607000.0;70410000.0
1970;sun;aut;78089000.0;82077000.0
1970;sun;bel;77076000.0;53945000.0
1970;sun;ben;849000.0;0.0
1970;sun;bfa;29000.0;0.0
1970;sun;bhr;99000.0;0.0
1970;sun;bol;10000.0;1864000.0
1970;sun;bra;3492000.0;21237000.0
1970;sun;brb;43000.0;0.0
1970;sun;caf;2000.0;48000.0
1970;sun;can;8689000.0;97714000.0
1970;sun;che;26727000.0;49879000.0
1970;sun;chl;386000.0;192000.0
1970;sun;civ;529000.0;1407000.0
1970;sun;cmr;828000.0;7459000.0
1970;sun;cod;201000.0;0.0
1970;sun;cog;77000.0;441000.0
1970;sun;col;1251000.0;14531000.0
1970;sun;cri;9000.0;6294000.0
1970;sun;deu;290031000.0;413824000.0
1970;sun;dnk;35619000.0;26497000.0
1970;sun;ecu;22000.0;756000.0
1970;sun;egy;95552000.0;281613000.0
1970;sun;esp;9737000.0;5928000.0
1970;sun;eth;1505000.0;401000.0
1970;sun;fdr;290031000.0;413824000.0
1970;sun;fin;331254000.0;282512000.0
1970;sun;fio;1000.0;0.0
1970;sun;fji;46000.0;0.0
1970;sun;fra;203462000.0;273159000.0
1970;sun;gab;8000.0;37000.0
1970;sun;gbr;266138000.0;233687000.0
1970;sun;gha;15749000.0;40543000.0
1970;sun;gmb;275000.0;0.0
1970;sun;grc;36230000.0;34503000.0
1970;sun;gtm;7000.0;0.0
1970;sun;guf;4000.0;0.0
1970;sun;guy;493000.0;0.0
1970;sun;hkg;6071000.0;744000.0
1970;sun;hnd;2000.0;0.0
1970;sun;idn;0.0;23480000.0
1970;sun;ind;164953000.0;271078000.0
1970;sun;irl;3770000.0;49000.0
1970;sun;irn;131756000.0;72026000.0
1970;sun;isl;11101000.0;10057000.0
1970;sun;isr;607000.0;1000.0
1970;sun;ita;281516000.0;307901000.0
1970;sun;jor;6557000.0;0.0
1970;sun;jpn;481076000.0;340957000.0
1970;sun;ken;751000.0;1310000.0
1970;sun;khm;402000.0;1143000.0
1970;sun;kwt;8601000.0;31000.0
1970;sun;lao;91000.0;0.0
1970;sun;lbn;13778000.0;3621000.0
1970;sun;lbr;300000.0;0.0
1970;sun;lby;9868000.0;0.0
1970;sun;lka;3721000.0;13518000.0
1970;sun;mar;32785000.0;13973000.0
1970;sun;mdg;0.0;494000.0
1970;sun;mex;204000.0;143000.0
1970;sun;mli;5053000.0;518000.0
1970;sun;mlt;1165000.0;4000.0
1970;sun;mmr;3845000.0;448000.0
1970;sun;mrt;490000.0;0.0
1970;sun;mus;9000.0;0.0
1970;sun;mys;3636000.0;69367000.0
1970;sun;naa;4000.0;0.0
1970;sun;ner;155000.0;0.0
1970;sun;nga;10610000.0;24576000.0
1970;sun;nld;57144000.0;44434000.0
1970;sun;nor;30780000.0;24798000.0
1970;sun;nzl;2021000.0;18368000.0
1970;sun;pak;29292000.0;31047000.0
1970;sun;per;2295000.0;104000.0
1970;sun;prt;977000.0;0.0
1970;sun;sdn;23916000.0;49519000.0
1970;sun;sen;235000.0;31000.0
1970;sun;sgp;10590000.0;46522000.0
1970;sun;som;2999000.0;472000.0
1970;sun;swe;155673000.0;131387000.0
1970;sun;tcd;56000.0;0.0
1970;sun;tgo;1354000.0;3144000.0
1970;sun;tha;10521000.0;757000.0
1970;sun;tto;32000.0;0.0
1970;sun;tun;3562000.0;2783000.0
1970;sun;tur;38728000.0;29378000.0
1970;sun;tza;1141000.0;1261000.0
1970;sun;uga;1137000.0;2918000.0
1970;sun;usa;72750000.0;118537000.0
1970;sun;ven;59000.0;0.0
1970;sun;wld;3351666000.0;3963249000.0
1970;sun;wsm;56000.0;0.0
1970;sun;xxb;27000.0;0.0
1970;sun;yug;193157000.0;241529000.0
1970;sun;zmb;1633000.0;0.0
1970;sur;arg;325000.0;47000.0
1970;sur;aus;0.0;29000.0
1970;sur;aut;919000.0;159000.0
1970;sur;bel;457000.0;2019000.0
1970;sur;bra;92000.0;688000.0
1970;sur;brb;319000.0;50000.0
1970;sur;can;5192000.0;1600000.0
1970;sur;che;1911000.0;505000.0
1970;sur;col;3000.0;117000.0
1970;sur;deu;23396000.0;6263000.0
1970;sur;dnk;47000.0;695000.0
1970;sur;fdr;23396000.0;6263000.0
1970;sur;fin;28000.0;94000.0
1970;sur;fio;1000.0;0.0
1970;sur;fra;3460000.0;1712000.0
1970;sur;gbr;1722000.0;7291000.0
1970;sur;glp;601000.0;3000.0
1970;sur;grc;6000.0;12000.0
1970;sur;guf;691000.0;62000.0
1970;sur;guy;183000.0;230000.0
1970;sur;hnd;2000.0;0.0
1970;sur;idn;0.0;5000.0
1970;sur;ind;0.0;89000.0
1970;sur;irl;0.0;42000.0
1970;sur;isl;4651000.0;0.0
1970;sur;isr;0.0;7000.0
1970;sur;ita;12148000.0;1250000.0
1970;sur;jpn;1093000.0;7390000.0
1970;sur;kor;0.0;45000.0
1970;sur;mar;2000.0;1000.0
1970;sur;mex;0.0;131000.0
1970;sur;mlt;0.0;5000.0
1970;sur;mrt;22000.0;0.0
1970;sur;naa;1538000.0;224000.0
1970;sur;nld;16492000.0;14037000.0
1970;sur;nor;13056000.0;191000.0
1970;sur;nzl;0.0;5000.0
1970;sur;pan;1000.0;53000.0
1970;sur;per;39000.0;1000.0
1970;sur;phl;0.0;1000.0
1970;sur;prt;0.0;71000.0
1970;sur;swe;1017000.0;339000.0
1970;sur;tha;0.0;2000.0
1970;sur;tto;300000.0;8785000.0
1970;sur;twn;0.0;91000.0
1970;sur;usa;56321000.0;35118000.0
1970;sur;ven;6000.0;844000.0
1970;sur;wld;146041000.0;90304000.0
1970;sur;yug;0.0;1000.0
1970;swe;afg;274000.0;682000.0
1970;swe;ago;5199000.0;476000.0
1970;swe;alb;671000.0;188000.0
1970;swe;are;722000.0;18567000.0
1970;swe;arg;34573000.0;14068000.0
1970;swe;aus;72591000.0;15051000.0
1970;swe;aut;91983000.0;131004000.0
1970;swe;bdi;156000.0;69000.0
1970;swe;bel;242205000.0;237406000.0
1970;swe;ben;107000.0;177000.0
1970;swe;bfa;67000.0;147000.0
1970;swe;bgr;8842000.0;3823000.0
1970;swe;bhr;5264000.0;4244000.0
1970;swe;bhs;732000.0;1660000.0
1970;swe;blz;101000.0;65000.0
1970;swe;bol;3030000.0;32000.0
1970;swe;bra;53277000.0;81510000.0
1970;swe;brb;335000.0;2000.0
1970;swe;caf;58000.0;21000.0
1970;swe;can;101400000.0;59004000.0
1970;swe;che;202166000.0;174560000.0
1970;swe;chl;10689000.0;49228000.0
1970;swe;chn;22141000.0;18664000.0
1970;swe;civ;1921000.0;947000.0
1970;swe;cmr;791000.0;108000.0
1970;swe;cod;6041000.0;111000.0
1970;swe;cog;162000.0;221000.0
1970;swe;col;13077000.0;27365000.0
1970;swe;cri;3254000.0;5732000.0
1970;swe;csk;31623000.0;31898000.0
1970;swe;cub;5300000.0;4502000.0
1970;swe;cyp;4096000.0;1320000.0
1970;swe;ddr;77168000.0;46834000.0
1970;swe;deu;933181000.0;1372256000.0
1970;swe;dji;83000.0;1000.0
1970;swe;dnk;700115000.0;542766000.0
1970;swe;dom;1389000.0;423000.0
1970;swe;dza;8450000.0;2553000.0
1970;swe;ecu;3998000.0;4803000.0
1970;swe;egy;9939000.0;2344000.0
1970;swe;esp;107357000.0;51818000.0
1970;swe;eth;4104000.0;2434000.0
1970;swe;fdr;856013000.0;1325422000.0
1970;swe;fin;424163000.0;357769000.0
1970;swe;fio;1320000.0;2000.0
1970;swe;fji;355000.0;0.0
1970;swe;fra;391931000.0;290167000.0
1970;swe;gab;334000.0;1449000.0
1970;swe;gbr;872228000.0;966757000.0
1970;swe;gha;2020000.0;8312000.0
1970;swe;gib;153000.0;0.0
1970;swe;gin;125000.0;3000.0
1970;swe;glp;455000.0;84000.0
1970;swe;gmb;63000.0;4000.0
1970;swe;gnq;1000.0;0.0
1970;swe;grc;71001000.0;15257000.0
1970;swe;gtm;2408000.0;5328000.0
1970;swe;guf;32000.0;0.0
1970;swe;guy;464000.0;2739000.0
1970;swe;hkg;8794000.0;50360000.0
1970;swe;hnd;1655000.0;702000.0
1970;swe;hti;245000.0;100000.0
1970;swe;hun;23722000.0;23002000.0
1970;swe;idn;3487000.0;2817000.0
1970;swe;ind;12469000.0;9098000.0
1970;swe;irl;26620000.0;6313000.0
1970;swe;irn;29310000.0;21860000.0
1970;swe;irq;21735000.0;2939000.0
1970;swe;isl;7974000.0;9995000.0
1970;swe;isr;28575000.0;15047000.0
1970;swe;ita;212725000.0;208155000.0
1970;swe;jam;2104000.0;8690000.0
1970;swe;jor;2095000.0;5000.0
1970;swe;jpn;88709000.0;125991000.0
1970;swe;ken;6405000.0;10005000.0
1970;swe;khm;48000.0;7000.0
1970;swe;kir;50000.0;0.0
1970;swe;kor;2755000.0;13429000.0
1970;swe;kwt;4488000.0;9929000.0
1970;swe;lao;41000.0;0.0
1970;swe;lbn;9014000.0;2421000.0
1970;swe;lbr;5342000.0;1730000.0
1970;swe;lby;2431000.0;6485000.0
1970;swe;lka;1293000.0;4948000.0
1970;swe;mac;13000.0;2859000.0
1970;swe;mar;16784000.0;10664000.0
1970;swe;mdg;734000.0;143000.0
1970;swe;mex;41742000.0;3340000.0
1970;swe;mli;69000.0;287000.0
1970;swe;mlt;1199000.0;287000.0
1970;swe;mmr;1326000.0;3127000.0
1970;swe;mng;11000.0;24000.0
1970;swe;moz;3525000.0;1308000.0
1970;swe;mrt;170000.0;2000.0
1970;swe;mus;205000.0;0.0
1970;swe;mwi;435000.0;172000.0
1970;swe;mys;13336000.0;10978000.0
1970;swe;naa;1680000.0;1144000.0
1970;swe;ncl;446000.0;1119000.0
1970;swe;ner;106000.0;517000.0
1970;swe;nga;10125000.0;53857000.0
1970;swe;nic;569000.0;419000.0
1970;swe;nld;296723000.0;314436000.0
1970;swe;nor;743794000.0;408157000.0
1970;swe;npl;158000.0;5000.0
1970;swe;nzl;9167000.0;4577000.0
1970;swe;omn;162000.0;32760000.0
1970;swe;pak;5864000.0;5771000.0
1970;swe;pan;2227000.0;2182000.0
1970;swe;per;11444000.0;6579000.0
1970;swe;phl;7959000.0;11051000.0
1970;swe;pol;33909000.0;57472000.0
1970;swe;prk;92000.0;13000.0
1970;swe;prt;41816000.0;56329000.0
1970;swe;pry;1700000.0;70000.0
1970;swe;qat;180000.0;13575000.0
1970;swe;rou;20422000.0;11942000.0
1970;swe;rwa;55000.0;77000.0
1970;swe;sau;8739000.0;0.0
1970;swe;sdn;3861000.0;1385000.0
1970;swe;sen;956000.0;587000.0
1970;swe;sgp;11464000.0;2008000.0
1970;swe;shn;0.0;1000.0
1970;swe;sle;696000.0;27000.0
1970;swe;slv;931000.0;439000.0
1970;swe;som;71000.0;10000.0
1970;swe;sun;131387000.0;155673000.0
1970;swe;sur;339000.0;1017000.0
1970;swe;syc;15000.0;0.0
1970;swe;syr;5015000.0;1522000.0
1970;swe;tcd;92000.0;0.0
1970;swe;tgo;137000.0;29000.0
1970;swe;tha;11092000.0;1754000.0
1970;swe;tto;988000.0;34945000.0
1970;swe;tun;3920000.0;1758000.0
1970;swe;tur;9447000.0;11588000.0
1970;swe;twn;3591000.0;5682000.0
1970;swe;tza;2285000.0;3845000.0
1970;swe;uga;1861000.0;5811000.0
1970;swe;ury;3743000.0;1335000.0
1970;swe;usa;399840000.0;609403000.0
1970;swe;ven;18978000.0;39840000.0
1970;swe;vnm;834000.0;44000.0
1970;swe;wld;7189028000.0;7003871000.0
1970;swe;wsm;30000.0;0.0
1970;swe;xxb;220000.0;4000.0
1970;swe;xxe;24000.0;3000.0
1970;swe;xxh;230356000.0;0.0
1970;swe;yar;105000.0;53000.0
1970;swe;ymd;214000.0;1007000.0
1970;swe;yug;40075000.0;20469000.0
1970;swe;zaf;61689000.0;15899000.0
1970;swe;zmb;7283000.0;28341000.0
1970;syc;aus;28000.0;222000.0
1970;syc;bhr;0.0;3000.0
1970;syc;bra;15000.0;0.0
1970;syc;can;3469000.0;363000.0
1970;syc;dnk;2000.0;50000.0
1970;syc;eth;0.0;3000.0
1970;syc;fin;0.0;20000.0
1970;syc;gbr;119000.0;2826000.0
1970;syc;hkg;6000.0;249000.0
1970;syc;irl;1000.0;0.0
1970;syc;jpn;11000.0;395000.0
1970;syc;ken;11000.0;1309000.0
1970;syc;lka;0.0;7000.0
1970;syc;mar;0.0;1000.0
1970;syc;mus;216000.0;40000.0
1970;syc;nor;11000.0;13000.0
1970;syc;nzl;0.0;1000.0
1970;syc;pak;0.0;364000.0
1970;syc;prt;2000.0;1000.0
1970;syc;swe;0.0;15000.0
1970;syc;twn;393000.0;1406000.0
1970;syc;tza;7000.0;26000.0
1970;syc;uga;0.0;3000.0
1970;syc;usa;375000.0;200000.0
1970;syc;wld;4667000.0;7517000.0
1970;syc;zmb;1000.0;0.0
1970;syr;afg;6000.0;32000.0
1970;syr;arg;0.0;998000.0
1970;syr;aus;19000.0;85000.0
1970;syr;aut;1664000.0;4498000.0
1970;syr;bel;2009000.0;5396000.0
1970;syr;bhr;148000.0;0.0
1970;syr;bra;2000.0;617000.0
1970;syr;can;10000.0;17872000.0
1970;syr;che;440000.0;7030000.0
1970;syr;chl;0.0;24000.0
1970;syr;civ;0.0;95000.0
1970;syr;cod;2000.0;0.0
1970;syr;cog;0.0;43000.0
1970;syr;deu;8750000.0;23217000.0
1970;syr;dnk;1835000.0;2019000.0
1970;syr;egy;8522000.0;10772000.0
1970;syr;esp;142000.0;2656000.0
1970;syr;eth;0.0;67000.0
1970;syr;fdr;8750000.0;23217000.0
1970;syr;fin;7000.0;1224000.0
1970;syr;fra;8978000.0;18599000.0
1970;syr;gab;0.0;75000.0
1970;syr;gbr;1172000.0;14155000.0
1970;syr;grc;15206000.0;1370000.0
1970;syr;hkg;0.0;189000.0
1970;syr;idn;0.0;3000.0
1970;syr;ind;8000.0;2579000.0
1970;syr;irl;0.0;547000.0
1970;syr;irn;74000.0;113000.0
1970;syr;ita;20123000.0;20927000.0
1970;syr;jor;9033000.0;4138000.0
1970;syr;jpn;16739000.0;16124000.0
1970;syr;ken;0.0;68000.0
1970;syr;kor;1000.0;977000.0
1970;syr;kwt;5227000.0;1378000.0
1970;syr;lbn;24389000.0;14090000.0
1970;syr;lbr;1000.0;0.0
1970;syr;lby;1609000.0;4000.0
1970;syr;lka;0.0;1831000.0
1970;syr;mar;160000.0;424000.0
1970;syr;mdg;0.0;28000.0
1970;syr;mex;0.0;4000.0
1970;syr;mli;1000.0;0.0
1970;syr;mlt;413000.0;0.0
1970;syr;mys;2000.0;45000.0
1970;syr;nga;1000.0;0.0
1970;syr;nld;52298000.0;5546000.0
1970;syr;nor;19000.0;75000.0
1970;syr;nzl;30000.0;221000.0
1970;syr;pak;18000.0;2206000.0
1970;syr;prt;401000.0;14000.0
1970;syr;sdn;459000.0;115000.0
1970;syr;sen;31000.0;48000.0
1970;syr;sgp;40000.0;246000.0
1970;syr;swe;1522000.0;5015000.0
1970;syr;tun;5000.0;145000.0
1970;syr;tur;12000.0;1768000.0
1970;syr;twn;0.0;11000.0
1970;syr;tza;0.0;351000.0
1970;syr;uga;0.0;448000.0
1970;syr;usa;2101000.0;11045000.0
1970;syr;ven;26000.0;0.0
1970;syr;vnm;5000.0;0.0
1970;syr;wld;183660000.0;202597000.0
1970;syr;yug;0.0;1030000.0
1970;tcd;arg;0.0;5000.0
1970;tcd;aus;0.0;2000.0
1970;tcd;aut;66000.0;320000.0
1970;tcd;bel;2028000.0;700000.0
1970;tcd;ben;34000.0;0.0
1970;tcd;bgr;0.0;1000.0
1970;tcd;bra;0.0;8000.0
1970;tcd;brb;0.0;249000.0
1970;tcd;caf;252000.0;1107000.0
1970;tcd;can;0.0;32000.0
1970;tcd;che;108000.0;195000.0
1970;tcd;chn;0.0;534000.0
1970;tcd;civ;79000.0;138000.0
1970;tcd;cmr;61000.0;1642000.0
1970;tcd;cod;2533000.0;522000.0
1970;tcd;cog;696000.0;5529000.0
1970;tcd;csk;0.0;20000.0
1970;tcd;ddr;0.0;81000.0
1970;tcd;deu;2729000.0;1960000.0
1970;tcd;dnk;137000.0;237000.0
1970;tcd;dza;0.0;42000.0
1970;tcd;ecu;1000.0;0.0
1970;tcd;egy;0.0;6000.0
1970;tcd;esp;7000.0;294000.0
1970;tcd;fdr;2729000.0;1879000.0
1970;tcd;fin;0.0;8000.0
1970;tcd;fra;12420000.0;22174000.0
1970;tcd;gab;109000.0;1471000.0
1970;tcd;gbr;97000.0;1273000.0
1970;tcd;glp;0.0;2000.0
1970;tcd;gnb;0.0;25000.0
1970;tcd;gnq;56000.0;0.0
1970;tcd;grc;24000.0;3000.0
1970;tcd;hkg;1930000.0;193000.0
1970;tcd;hun;0.0;218000.0
1970;tcd;ind;0.0;55000.0
1970;tcd;irl;20000.0;1000.0
1970;tcd;irn;0.0;21000.0
1970;tcd;isr;0.0;14000.0
1970;tcd;ita;1373000.0;1877000.0
1970;tcd;jpn;6138000.0;575000.0
1970;tcd;kor;0.0;160000.0
1970;tcd;lbn;38000.0;267000.0
1970;tcd;lbr;0.0;3000.0
1970;tcd;lby;3026000.0;91000.0
1970;tcd;lka;0.0;2000.0
1970;tcd;mar;150000.0;50000.0
1970;tcd;mex;0.0;1000.0
1970;tcd;mli;0.0;5000.0
1970;tcd;mys;0.0;2000.0
1970;tcd;naa;0.0;1360000.0
1970;tcd;ner;1000.0;6000.0
1970;tcd;nga;836000.0;5760000.0
1970;tcd;nld;438000.0;1476000.0
1970;tcd;nor;0.0;11000.0
1970;tcd;pak;0.0;95000.0
1970;tcd;pol;0.0;86000.0
1970;tcd;prt;0.0;70000.0
1970;tcd;rou;0.0;67000.0
1970;tcd;sdn;21000.0;85000.0
1970;tcd;sen;1000.0;776000.0
1970;tcd;sle;0.0;2000.0
1970;tcd;sun;0.0;56000.0
1970;tcd;swe;0.0;92000.0
1970;tcd;tgo;0.0;12000.0
1970;tcd;tha;0.0;1000.0
1970;tcd;tto;0.0;5000.0
1970;tcd;tun;19000.0;7000.0
1970;tcd;tur;0.0;3000.0
1970;tcd;twn;164000.0;776000.0
1970;tcd;usa;17000.0;2348000.0
1970;tcd;ven;0.0;468000.0
1970;tcd;wld;37785000.0;55645000.0
1970;tcd;xxe;0.0;2000.0
1970;tcd;xxh;60000.0;6000.0
1970;tcd;yug;2114000.0;24000.0
1970;tcd;zaf;0.0;17000.0
1970;tcd;zmb;2000.0;0.0
1970;tgo;arg;0.0;9000.0
1970;tgo;aus;0.0;5000.0
1970;tgo;aut;2000.0;81000.0
1970;tgo;bel;5301000.0;1205000.0
1970;tgo;ben;1519000.0;577000.0
1970;tgo;bfa;35000.0;13000.0
1970;tgo;bgr;0.0;29000.0
1970;tgo;bra;0.0;1000.0
1970;tgo;caf;16000.0;4000.0
1970;tgo;can;0.0;330000.0
1970;tgo;che;324000.0;385000.0
1970;tgo;chn;0.0;1571000.0
1970;tgo;civ;27000.0;491000.0
1970;tgo;cmr;9000.0;36000.0
1970;tgo;cod;137000.0;1000.0
1970;tgo;cog;8000.0;1000.0
1970;tgo;csk;0.0;304000.0
1970;tgo;cub;0.0;2000.0
1970;tgo;ddr;0.0;218000.0
1970;tgo;deu;17323000.0;5453000.0
1970;tgo;dnk;100000.0;233000.0
1970;tgo;dza;0.0;8000.0
1970;tgo;egy;3000.0;678000.0
1970;tgo;esp;38000.0;594000.0
1970;tgo;fdr;17323000.0;5235000.0
1970;tgo;fin;0.0;62000.0
1970;tgo;fra;21457000.0;18999000.0
1970;tgo;gab;18000.0;30000.0
1970;tgo;gbr;98000.0;8715000.0
1970;tgo;gha;252000.0;2336000.0
1970;tgo;grc;248000.0;26000.0
1970;tgo;hkg;0.0;505000.0
1970;tgo;hun;0.0;198000.0
1970;tgo;ind;0.0;119000.0
1970;tgo;irl;7000.0;0.0
1970;tgo;irn;0.0;41000.0
1970;tgo;irq;0.0;454000.0
1970;tgo;isl;0.0;4000.0
1970;tgo;isr;9000.0;49000.0
1970;tgo;ita;2066000.0;2420000.0
1970;tgo;jpn;3316000.0;3841000.0
1970;tgo;khm;0.0;49000.0
1970;tgo;kor;0.0;27000.0
1970;tgo;kwt;0.0;5000.0
1970;tgo;lbn;0.0;6000.0
1970;tgo;lbr;1000.0;34000.0
1970;tgo;lby;73000.0;0.0
1970;tgo;mar;35000.0;654000.0
1970;tgo;mli;2000.0;6000.0
1970;tgo;moz;0.0;1000.0
1970;tgo;mrt;0.0;3000.0
1970;tgo;mwi;0.0;77000.0
1970;tgo;mys;0.0;2000.0
1970;tgo;naa;0.0;113000.0
1970;tgo;ner;12000.0;450000.0
1970;tgo;nga;17000.0;432000.0
1970;tgo;nld;10921000.0;4689000.0
1970;tgo;nor;0.0;24000.0
1970;tgo;pak;0.0;304000.0
1970;tgo;pol;0.0;173000.0
1970;tgo;prk;0.0;10000.0
1970;tgo;prt;109000.0;6000.0
1970;tgo;rou;0.0;385000.0
1970;tgo;sau;150000.0;0.0
1970;tgo;sen;7000.0;217000.0
1970;tgo;sle;1000.0;20000.0
1970;tgo;som;0.0;18000.0
1970;tgo;sun;3144000.0;1354000.0
1970;tgo;swe;29000.0;137000.0
1970;tgo;tcd;12000.0;0.0
1970;tgo;tto;3000.0;170000.0
1970;tgo;tun;0.0;6000.0
1970;tgo;twn;5000.0;750000.0
1970;tgo;usa;1349000.0;3668000.0
1970;tgo;ven;0.0;773000.0
1970;tgo;wld;68186000.0;64483000.0
1970;tgo;xxh;2000.0;1000.0
1970;tgo;yar;0.0;99000.0
1970;tgo;yug;0.0;8000.0
1970;tgo;zaf;1000.0;2000.0
1970;tha;ago;151000.0;7000.0
1970;tha;arg;65000.0;73000.0
1970;tha;aus;3441000.0;40948000.0
1970;tha;aut;2794000.0;7919000.0
1970;tha;bel;8295000.0;16108000.0
1970;tha;bgr;1000.0;18000.0
1970;tha;bhr;268000.0;871000.0
1970;tha;blz;2000.0;0.0
1970;tha;bmu;22000.0;0.0
1970;tha;bra;104000.0;9367000.0
1970;tha;brb;12000.0;0.0
1970;tha;caf;1000.0;1000.0
1970;tha;can;1014000.0;9629000.0
1970;tha;che;3675000.0;19565000.0
1970;tha;chl;0.0;13000.0
1970;tha;chn;0.0;2000.0
1970;tha;civ;299000.0;1000.0
1970;tha;cmr;31000.0;0.0
1970;tha;cod;60000.0;0.0
1970;tha;cog;1000.0;0.0
1970;tha;col;21000.0;19000.0
1970;tha;cri;0.0;4000.0
1970;tha;csk;236000.0;2798000.0
1970;tha;cyp;405000.0;0.0
1970;tha;ddr;1000.0;455000.0
1970;tha;deu;44555000.0;110459000.0
1970;tha;dji;243000.0;0.0
1970;tha;dnk;1166000.0;9901000.0
1970;tha;dom;0.0;1000.0
1970;tha;dza;83000.0;0.0
1970;tha;ecu;4000.0;0.0
1970;tha;egy;246000.0;10000.0
1970;tha;esp;8301000.0;1412000.0
1970;tha;eth;974000.0;3000.0
1970;tha;fdr;44554000.0;110004000.0
1970;tha;fin;268000.0;2447000.0
1970;tha;fio;405000.0;0.0
1970;tha;fji;174000.0;0.0
1970;tha;fra;12796000.0;16837000.0
1970;tha;gbr;13214000.0;96847000.0
1970;tha;gha;25000.0;59000.0
1970;tha;gib;11000.0;0.0
1970;tha;glp;3000.0;0.0
1970;tha;gmb;138000.0;0.0
1970;tha;grc;807000.0;115000.0
1970;tha;gtm;384000.0;470000.0
1970;tha;guy;505000.0;3000.0
1970;tha;hkg;53537000.0;18022000.0
1970;tha;hti;2000.0;0.0
1970;tha;hun;0.0;325000.0
1970;tha;idn;16048000.0;19248000.0
1970;tha;ind;3932000.0;10099000.0
1970;tha;irl;447000.0;2000.0
1970;tha;irn;2040000.0;13037000.0
1970;tha;irq;677000.0;2905000.0
1970;tha;isl;51000.0;37000.0
1970;tha;isr;174000.0;1187000.0
1970;tha;ita;17269000.0;23452000.0
1970;tha;jam;65000.0;10000.0
1970;tha;jor;359000.0;0.0
1970;tha;jpn;189614000.0;485932000.0
1970;tha;ken;111000.0;1693000.0
1970;tha;khm;5000.0;227000.0
1970;tha;kna;9000.0;0.0
1970;tha;kor;1714000.0;6199000.0
1970;tha;kwt;1754000.0;6409000.0
1970;tha;lao;23415000.0;1542000.0
1970;tha;lbn;157000.0;4000.0
1970;tha;lbr;0.0;1000.0
1970;tha;lby;6000.0;0.0
1970;tha;lka;4921000.0;128000.0
1970;tha;mac;0.0;66000.0
1970;tha;mar;221000.0;358000.0
1970;tha;mdg;309000.0;4000.0
1970;tha;mex;2000.0;1168000.0
1970;tha;mli;0.0;2000.0
1970;tha;mlt;3000.0;45000.0
1970;tha;mmr;31000.0;181000.0
1970;tha;moz;513000.0;0.0
1970;tha;mrt;271000.0;0.0
1970;tha;mus;2263000.0;0.0
1970;tha;mwi;0.0;3000.0
1970;tha;mys;49812000.0;6960000.0
1970;tha;naa;29000.0;10000.0
1970;tha;ncl;3000.0;0.0
1970;tha;nic;52000.0;435000.0
1970;tha;nld;42236000.0;17707000.0
1970;tha;nor;761000.0;2006000.0
1970;tha;npl;39000.0;24000.0
1970;tha;nzl;763000.0;5353000.0
1970;tha;pak;137000.0;443000.0
1970;tha;pan;16000.0;76000.0
1970;tha;per;48000.0;0.0
1970;tha;phl;428000.0;3314000.0
1970;tha;png;21000.0;4000.0
1970;tha;pol;1193000.0;3888000.0
1970;tha;prk;0.0;3000.0
1970;tha;prt;2456000.0;764000.0
1970;tha;rou;323000.0;64000.0
1970;tha;sau;15478000.0;25782000.0
1970;tha;sdn;58000.0;133000.0
1970;tha;sen;7529000.0;0.0
1970;tha;sgp;48808000.0;12630000.0
1970;tha;slv;30000.0;0.0
1970;tha;som;52000.0;0.0
1970;tha;sun;757000.0;10521000.0
1970;tha;sur;2000.0;0.0
1970;tha;swe;1754000.0;11092000.0
1970;tha;tcd;1000.0;0.0
1970;tha;tha;1593000.0;1593000.0
1970;tha;tto;9000.0;1000.0
1970;tha;tun;161000.0;67000.0
1970;tha;tur;1219000.0;239000.0
1970;tha;twn;41032000.0;37254000.0
1970;tha;tza;48000.0;31000.0
1970;tha;uga;622000.0;300000.0
1970;tha;usa;100173000.0;192841000.0
1970;tha;ven;70000.0;268000.0
1970;tha;vnm;811000.0;63000.0
1970;tha;wld;751759000.0;1293444000.0
1970;tha;wsm;5000.0;0.0
1970;tha;xxb;1961000.0;5000.0
1970;tha;xxe;24000.0;1000.0
1970;tha;yar;1273000.0;0.0
1970;tha;ymd;797000.0;1000.0
1970;tha;yug;1344000.0;284000.0
1970;tha;zaf;2085000.0;5403000.0
1970;tha;zmb;626000.0;15691000.0
1970;tto;afg;0.0;5000.0
1970;tto;ago;403000.0;1039000.0
1970;tto;arg;552000.0;623000.0
1970;tto;aus;255000.0;4702000.0
1970;tto;aut;71000.0;199000.0
1970;tto;bel;180000.0;3035000.0
1970;tto;ben;193000.0;0.0
1970;tto;bfa;328000.0;0.0
1970;tto;bgr;0.0;16000.0
1970;tto;bhs;2240000.0;13000.0
1970;tto;blz;32000.0;0.0
1970;tto;bmu;362000.0;15000.0
1970;tto;bol;1000.0;0.0
1970;tto;bra;8859000.0;3838000.0
1970;tto;brb;8455000.0;1325000.0
1970;tto;caf;2000.0;0.0
1970;tto;can;7200000.0;23787000.0
1970;tto;che;457000.0;1105000.0
1970;tto;chl;30000.0;12000.0
1970;tto;chn;0.0;1100000.0
1970;tto;civ;727000.0;3300000.0
1970;tto;cmr;2000.0;0.0
1970;tto;cod;0.0;4000.0
1970;tto;cog;1000.0;0.0
1970;tto;col;555000.0;3342000.0
1970;tto;cri;84000.0;7000.0
1970;tto;csk;0.0;633000.0
1970;tto;cub;643000.0;1000.0
1970;tto;cyp;4000.0;9000.0
1970;tto;ddr;15000.0;314000.0
1970;tto;deu;4577000.0;7491000.0
1970;tto;dnk;7050000.0;1301000.0
1970;tto;dom;732000.0;153000.0
1970;tto;dza;1155000.0;1420000.0
1970;tto;ecu;1000.0;41000.0
1970;tto;egy;0.0;6000.0
1970;tto;esp;905000.0;545000.0
1970;tto;eth;9000.0;11000.0
1970;tto;fdr;4562000.0;7177000.0
1970;tto;fin;14000.0;733000.0
1970;tto;fra;988000.0;4264000.0
1970;tto;gab;16000.0;2350000.0
1970;tto;gbr;46335000.0;72082000.0
1970;tto;gha;94000.0;6000.0
1970;tto;gib;0.0;45000.0
1970;tto;glp;4312000.0;20000.0
1970;tto;gmb;1000.0;0.0
1970;tto;gnb;13000.0;0.0
1970;tto;grc;2000.0;8000.0
1970;tto;gtm;181000.0;51000.0
1970;tto;guf;1717000.0;5000.0
1970;tto;guy;16150000.0;5728000.0
1970;tto;hkg;27000.0;2655000.0
1970;tto;hnd;63000.0;1648000.0
1970;tto;hti;259000.0;15000.0
1970;tto;hun;0.0;152000.0
1970;tto;idn;2000.0;14554000.0
1970;tto;ind;1000.0;1326000.0
1970;tto;irl;877000.0;1998000.0
1970;tto;irn;1000.0;495000.0
1970;tto;irq;0.0;12000.0
1970;tto;isl;1000.0;3000.0
1970;tto;isr;1000.0;8000.0
1970;tto;ita;3147000.0;3298000.0
1970;tto;jam;5799000.0;4549000.0
1970;tto;jpn;2050000.0;13454000.0
1970;tto;ken;8000.0;100000.0
1970;tto;kna;15744000.0;1830000.0
1970;tto;kor;0.0;208000.0
1970;tto;lbn;0.0;16000.0
1970;tto;lbr;189000.0;0.0
1970;tto;lby;2000.0;37891000.0
1970;tto;lka;0.0;39000.0
1970;tto;mar;194000.0;99000.0
1970;tto;mex;6000.0;280000.0
1970;tto;mli;133000.0;0.0
1970;tto;mlt;9000.0;9000.0
1970;tto;moz;0.0;10000.0
1970;tto;mwi;0.0;12000.0
1970;tto;mys;99000.0;628000.0
1970;tto;naa;7061000.0;551000.0
1970;tto;ner;149000.0;1000.0
1970;tto;nga;1375000.0;23052000.0
1970;tto;nic;186000.0;33000.0
1970;tto;nld;1183000.0;4867000.0
1970;tto;nor;3863000.0;1951000.0
1970;tto;nzl;83000.0;6524000.0
1970;tto;pak;0.0;251000.0
1970;tto;pan;344000.0;22000.0
1970;tto;per;9000.0;1447000.0
1970;tto;phl;565000.0;18000.0
1970;tto;pol;0.0;93000.0
1970;tto;prt;14000.0;851000.0
1970;tto;pry;5000.0;0.0
1970;tto;rou;0.0;144000.0
1970;tto;sau;0.0;51206000.0
1970;tto;sdn;0.0;5000.0
1970;tto;sen;0.0;35000.0
1970;tto;sgp;225000.0;1628000.0
1970;tto;shn;244000.0;11000.0
1970;tto;slv;54000.0;1000.0
1970;tto;som;0.0;18000.0
1970;tto;spm;0.0;5000.0
1970;tto;sun;0.0;32000.0
1970;tto;sur;8785000.0;300000.0
1970;tto;swe;34945000.0;988000.0
1970;tto;tcd;5000.0;0.0
1970;tto;tgo;170000.0;3000.0
1970;tto;tha;1000.0;9000.0
1970;tto;tur;5000.0;8000.0
1970;tto;twn;0.0;346000.0
1970;tto;tza;6000.0;53000.0
1970;tto;ury;210000.0;80000.0
1970;tto;usa;247558000.0;88880000.0
1970;tto;ven;697000.0;133726000.0
1970;tto;wld;483219000.0;547367000.0
1970;tto;xxh;30929000.0;365000.0
1970;tto;ymd;0.0;1000.0
1970;tto;yug;32000.0;26000.0
1970;tto;zaf;10000.0;0.0
1970;tto;zmb;6000.0;177000.0
1970;tun;arg;12000.0;1185000.0
1970;tun;aus;5000.0;76000.0
1970;tun;aut;2816000.0;7074000.0
1970;tun;bel;3700000.0;5826000.0
1970;tun;ben;178000.0;0.0
1970;tun;bfa;22000.0;0.0
1970;tun;bgr;4227000.0;2744000.0
1970;tun;bhr;9000.0;0.0
1970;tun;bol;0.0;1000.0
1970;tun;bra;903000.0;4387000.0
1970;tun;caf;50000.0;0.0
1970;tun;can;5000.0;6679000.0
1970;tun;che;4691000.0;2147000.0
1970;tun;chl;107000.0;0.0
1970;tun;chn;0.0;151000.0
1970;tun;civ;790000.0;863000.0
1970;tun;cmr;148000.0;8000.0
1970;tun;cod;368000.0;0.0
1970;tun;cog;8000.0;0.0
1970;tun;col;0.0;55000.0
1970;tun;csk;1803000.0;2547000.0
1970;tun;cub;0.0;96000.0
1970;tun;ddr;1700000.0;763000.0
1970;tun;deu;22851000.0;26684000.0
1970;tun;dnk;493000.0;1956000.0
1970;tun;dza;7708000.0;1974000.0
1970;tun;ecu;0.0;1000.0
1970;tun;egy;15000.0;520000.0
1970;tun;esp;762000.0;3287000.0
1970;tun;eth;3000.0;3000.0
1970;tun;fdr;21151000.0;25921000.0
1970;tun;fin;280000.0;521000.0
1970;tun;fio;37000.0;0.0
1970;tun;fra;43205000.0;105748000.0
1970;tun;gab;48000.0;0.0
1970;tun;gbr;5968000.0;8668000.0
1970;tun;gha;3984000.0;0.0
1970;tun;gib;316000.0;17000.0
1970;tun;glp;0.0;787000.0
1970;tun;grc;2704000.0;705000.0
1970;tun;hkg;0.0;43000.0
1970;tun;hnd;0.0;152000.0
1970;tun;hun;28000.0;369000.0
1970;tun;idn;103000.0;58000.0
1970;tun;ind;0.0;2331000.0
1970;tun;irl;1765000.0;892000.0
1970;tun;irn;1208000.0;24000.0
1970;tun;irq;14000.0;4922000.0
1970;tun;isl;13000.0;0.0
1970;tun;isr;2000.0;0.0
1970;tun;ita;42798000.0;22018000.0
1970;tun;jpn;50000.0;825000.0
1970;tun;khm;392000.0;26000.0
1970;tun;kor;0.0;1000.0
1970;tun;kwt;9000.0;1000.0
1970;tun;lao;0.0;5000.0
1970;tun;lbn;22000.0;85000.0
1970;tun;lbr;0.0;2000.0
1970;tun;lby;16645000.0;34000.0
1970;tun;lka;268000.0;2050000.0
1970;tun;mar;1259000.0;859000.0
1970;tun;mdg;20000.0;366000.0
1970;tun;mex;0.0;9000.0
1970;tun;mli;4000.0;0.0
1970;tun;mlt;331000.0;17000.0
1970;tun;mrt;2000.0;0.0
1970;tun;mys;0.0;147000.0
1970;tun;ner;8000.0;0.0
1970;tun;nga;9000.0;3000.0
1970;tun;nld;1782000.0;6625000.0
1970;tun;nor;609000.0;581000.0
1970;tun;nzl;0.0;372000.0
1970;tun;pak;144000.0;487000.0
1970;tun;pol;6711000.0;9246000.0
1970;tun;prt;0.0;25000.0
1970;tun;pry;0.0;423000.0
1970;tun;rou;684000.0;935000.0
1970;tun;sau;7000.0;0.0
1970;tun;sdn;14000.0;118000.0
1970;tun;sen;174000.0;1000.0
1970;tun;sgp;0.0;4000.0
1970;tun;sun;2783000.0;3562000.0
1970;tun;swe;1758000.0;3920000.0
1970;tun;syr;145000.0;5000.0
1970;tun;tcd;7000.0;19000.0
1970;tun;tgo;6000.0;0.0
1970;tun;tha;67000.0;161000.0
1970;tun;tur;793000.0;3202000.0
1970;tun;twn;340000.0;602000.0
1970;tun;ury;338000.0;11000.0
1970;tun;usa;2955000.0;51675000.0
1970;tun;vnm;1000.0;1000.0
1970;tun;wld;199436000.0;304587000.0
1970;tun;xxh;1758000.0;0.0
1970;tun;yug;5193000.0;2626000.0
1970;tun;zmb;1000.0;37000.0
1970;tur;afg;3000.0;60000.0
1970;tur;alb;4000.0;87000.0
1970;tur;arg;328000.0;36000.0
1970;tur;aus;910000.0;7873000.0
1970;tur;aut;18908000.0;9947000.0
1970;tur;bel;19504000.0;16904000.0
1970;tur;bfa;15000.0;0.0
1970;tur;bgr;4810000.0;4411000.0
1970;tur;bhr;6000.0;0.0
1970;tur;bmu;4000.0;36000.0
1970;tur;bol;6000.0;0.0
1970;tur;bra;165000.0;2561000.0
1970;tur;brb;6000.0;0.0
1970;tur;can;1406000.0;15113000.0
1970;tur;che;16805000.0;44546000.0
1970;tur;chl;4000.0;0.0
1970;tur;chn;882000.0;98000.0
1970;tur;civ;110000.0;55000.0
1970;tur;cmr;122000.0;0.0
1970;tur;cod;245000.0;0.0
1970;tur;cog;1000.0;0.0
1970;tur;cri;12000.0;0.0
1970;tur;csk;11471000.0;12990000.0
1970;tur;cyp;619000.0;0.0
1970;tur;ddr;9812000.0;11261000.0
1970;tur;deu;128632000.0;175362000.0
1970;tur;dnk;15111000.0;4243000.0
1970;tur;dza;1124000.0;510000.0
1970;tur;egy;4369000.0;2819000.0
1970;tur;esp;7505000.0;4405000.0
1970;tur;eth;4000.0;199000.0
1970;tur;fdr;118820000.0;164101000.0
1970;tur;fin;1247000.0;7003000.0
1970;tur;fio;0.0;7000.0
1970;tur;fji;1000.0;9000.0
1970;tur;fra;58019000.0;31755000.0
1970;tur;gab;1000.0;0.0
1970;tur;gbr;21154000.0;88075000.0
1970;tur;gha;94000.0;64000.0
1970;tur;glp;3000.0;0.0
1970;tur;grc;6029000.0;179000.0
1970;tur;guy;2000.0;0.0
1970;tur;hkg;707000.0;131000.0
1970;tur;hnd;1000.0;0.0
1970;tur;hti;8000.0;2000.0
1970;tur;hun;16365000.0;10792000.0
1970;tur;idn;0.0;12000.0
1970;tur;ind;516000.0;1001000.0
1970;tur;irl;1825000.0;458000.0
1970;tur;irn;3968000.0;25000.0
1970;tur;irq;5729000.0;34659000.0
1970;tur;isl;12000.0;29000.0
1970;tur;isr;3733000.0;1629000.0
1970;tur;ita;59862000.0;70057000.0
1970;tur;jor;1042000.0;822000.0
1970;tur;jpn;28351000.0;25420000.0
1970;tur;ken;68000.0;448000.0
1970;tur;kor;3000.0;15000.0
1970;tur;kwt;1610000.0;64000.0
1970;tur;lbn;10332000.0;4680000.0
1970;tur;lbr;5000.0;162000.0
1970;tur;lby;1806000.0;7833000.0
1970;tur;lka;4245000.0;6000.0
1970;tur;mar;537000.0;25000.0
1970;tur;mdg;1000.0;14000.0
1970;tur;mex;9000.0;57000.0
1970;tur;mlt;237000.0;0.0
1970;tur;moz;9000.0;1000.0
1970;tur;mrt;1000.0;0.0
1970;tur;mys;48000.0;883000.0
1970;tur;naa;4000.0;0.0
1970;tur;nga;187000.0;0.0
1970;tur;nld;17748000.0;22042000.0
1970;tur;nor;7039000.0;2222000.0
1970;tur;nzl;256000.0;68000.0
1970;tur;pak;504000.0;2816000.0
1970;tur;pan;3000.0;8000.0
1970;tur;per;0.0;243000.0
1970;tur;phl;242000.0;21000.0
1970;tur;pol;8028000.0;28445000.0
1970;tur;prt;6517000.0;930000.0
1970;tur;pry;1000.0;0.0
1970;tur;rou;3951000.0;8253000.0
1970;tur;sau;267000.0;7367000.0
1970;tur;sdn;69000.0;22000.0
1970;tur;sen;177000.0;5000.0
1970;tur;sgp;127000.0;5544000.0
1970;tur;som;0.0;2000.0
1970;tur;sun;29378000.0;38728000.0
1970;tur;swe;11588000.0;9447000.0
1970;tur;syr;1768000.0;12000.0
1970;tur;tcd;3000.0;0.0
1970;tur;tha;239000.0;1219000.0
1970;tur;tto;8000.0;5000.0
1970;tur;tun;3202000.0;793000.0
1970;tur;twn;2000000.0;1083000.0
1970;tur;tza;2000.0;102000.0
1970;tur;ury;21000.0;0.0
1970;tur;usa;69805000.0;171958000.0
1970;tur;ven;58000.0;4000.0
1970;tur;wld;631635000.0;893335000.0
1970;tur;yar;21000.0;0.0
1970;tur;yug;7569000.0;3189000.0
1970;tur;zaf;179000.0;219000.0
1970;tur;zmb;3000.0;16000.0
1970;twn;afg;6124000.0;2000.0
1970;twn;ago;1067000.0;110000.0
1970;twn;arg;80000.0;8306000.0
1970;twn;aus;20567000.0;48110000.0
1970;twn;aut;1328000.0;725000.0
1970;twn;bel;5594000.0;6629000.0
1970;twn;ben;443000.0;0.0
1970;twn;bfa;272000.0;0.0
1970;twn;bhr;1736000.0;1000.0
1970;twn;bol;179000.0;1000.0
1970;twn;bra;4446000.0;26947000.0
1970;twn;brb;734000.0;3733000.0
1970;twn;caf;244000.0;568000.0
1970;twn;can;49734000.0;17114000.0
1970;twn;che;7583000.0;15139000.0
1970;twn;chl;545000.0;184000.0
1970;twn;civ;4323000.0;5029000.0
1970;twn;cmr;1087000.0;26000.0
1970;twn;cod;1946000.0;68000.0
1970;twn;cog;20000.0;54000.0
1970;twn;col;230000.0;468000.0
1970;twn;cri;213000.0;6496000.0
1970;twn;cub;3000.0;21000.0
1970;twn;cyp;59000.0;0.0
1970;twn;deu;77255000.0;61852000.0
1970;twn;dji;290000.0;0.0
1970;twn;dnk;1227000.0;3224000.0
1970;twn;dza;1071000.0;0.0
1970;twn;ecu;89000.0;14000.0
1970;twn;egy;17000.0;0.0
1970;twn;esp;676000.0;298000.0
1970;twn;eth;1593000.0;282000.0
1970;twn;fdr;77255000.0;61852000.0
1970;twn;fin;419000.0;126000.0
1970;twn;fio;11000.0;0.0
1970;twn;fji;600000.0;0.0
1970;twn;fra;4750000.0;6386000.0
1970;twn;gab;566000.0;0.0
1970;twn;gbr;14319000.0;25935000.0
1970;twn;gha;9000.0;0.0
1970;twn;gin;57000.0;7000.0
1970;twn;glp;21000.0;6000.0
1970;twn;gmb;111000.0;118000.0
1970;twn;gnq;19000.0;40000.0
1970;twn;grc;949000.0;913000.0
1970;twn;gtm;241000.0;2056000.0
1970;twn;guf;1000.0;8000.0
1970;twn;guy;330000.0;8000.0
1970;twn;hkg;135267000.0;27397000.0
1970;twn;hnd;69000.0;1046000.0
1970;twn;idn;32565000.0;11880000.0
1970;twn;ind;425000.0;5525000.0
1970;twn;irl;589000.0;213000.0
1970;twn;irn;8656000.0;3118000.0
1970;twn;irq;819000.0;10152000.0
1970;twn;isl;29000.0;1000.0
1970;twn;isr;77000.0;407000.0
1970;twn;ita;19817000.0;12503000.0
1970;twn;jam;516000.0;0.0
1970;twn;jor;576000.0;217000.0
1970;twn;jpn;250789000.0;654294000.0
1970;twn;ken;2334000.0;144000.0
1970;twn;khm;230000.0;56000.0
1970;twn;kna;760000.0;0.0
1970;twn;kor;33937000.0;15163000.0
1970;twn;kwt;5209000.0;45379000.0
1970;twn;lao;1194000.0;72000.0
1970;twn;lbn;2919000.0;116000.0
1970;twn;lbr;1736000.0;2491000.0
1970;twn;lby;2990000.0;23000.0
1970;twn;lka;427000.0;427000.0
1970;twn;mac;5000.0;15000.0
1970;twn;mar;1692000.0;290000.0
1970;twn;mdg;304000.0;79000.0
1970;twn;mex;2382000.0;7405000.0
1970;twn;mli;15000.0;2445000.0
1970;twn;mlt;87000.0;0.0
1970;twn;mmr;54000.0;136000.0
1970;twn;moz;593000.0;782000.0
1970;twn;mrt;1000.0;0.0
1970;twn;mus;6609000.0;0.0
1970;twn;mwi;205000.0;0.0
1970;twn;mys;26866000.0;29521000.0
1970;twn;naa;412000.0;4000.0
1970;twn;ner;899000.0;1000.0
1970;twn;nga;25863000.0;3000.0
1970;twn;nic;0.0;2335000.0
1970;twn;nld;17937000.0;10167000.0
1970;twn;nor;709000.0;164000.0
1970;twn;npl;11000.0;0.0
1970;twn;nzl;991000.0;3318000.0
1970;twn;pak;803000.0;44000.0
1970;twn;pan;586000.0;138000.0
1970;twn;per;336000.0;1514000.0
1970;twn;phl;14596000.0;20711000.0
1970;twn;png;20000.0;0.0
1970;twn;prt;35000.0;250000.0
1970;twn;pry;284000.0;11000.0
1970;twn;qat;48000.0;0.0
1970;twn;rwa;1000.0;0.0
1970;twn;sau;3822000.0;2757000.0
1970;twn;sdn;128000.0;1108000.0
1970;twn;sen;26000.0;7000.0
1970;twn;sgp;41947000.0;5343000.0
1970;twn;sle;212000.0;0.0
1970;twn;slv;4000.0;137000.0
1970;twn;som;616000.0;15000.0
1970;twn;sur;91000.0;0.0
1970;twn;swe;5682000.0;3591000.0
1970;twn;syc;1406000.0;393000.0
1970;twn;syr;11000.0;0.0
1970;twn;tcd;776000.0;164000.0
1970;twn;tgo;750000.0;5000.0
1970;twn;tha;37254000.0;41032000.0
1970;twn;tto;346000.0;0.0
1970;twn;tun;602000.0;340000.0
1970;twn;tur;1083000.0;2000000.0
1970;twn;twn;31000.0;31000.0
1970;twn;tza;1080000.0;1276000.0
1970;twn;uga;786000.0;527000.0
1970;twn;ury;2000.0;180000.0
1970;twn;usa;549577000.0;364886000.0
1970;twn;ven;1524000.0;148000.0
1970;twn;vnm;25322000.0;1464000.0
1970;twn;wld;1498529000.0;1545226000.0
1970;twn;wsm;4000.0;0.0
1970;twn;xxb;1852000.0;1473000.0
1970;twn;xxe;888000.0;19000.0
1970;twn;xxh;335000.0;4357000.0
1970;twn;yar;1000.0;0.0
1970;twn;ymd;489000.0;0.0
1970;twn;yug;0.0;21000.0
1970;twn;zaf;3522000.0;2957000.0
1970;twn;zmb;908000.0;34000.0
1970;tza;arg;29000.0;818000.0
1970;tza;aus;3917000.0;3830000.0
1970;tza;aut;885000.0;469000.0
1970;tza;bdi;2314000.0;16000.0
1970;tza;bel;8506000.0;4119000.0
1970;tza;bgr;6000.0;37000.0
1970;tza;bhr;213000.0;247000.0
1970;tza;bmu;124000.0;35000.0
1970;tza;bra;2000.0;9000.0
1970;tza;brb;3000.0;0.0
1970;tza;can;3862000.0;809000.0
1970;tza;che;3141000.0;2574000.0
1970;tza;chn;8217000.0;36982000.0
1970;tza;cod;315000.0;15000.0
1970;tza;csk;793000.0;1002000.0
1970;tza;cyp;91000.0;35000.0
1970;tza;ddr;1132000.0;1397000.0
1970;tza;deu;13721000.0;26433000.0
1970;tza;dnk;2922000.0;3358000.0
1970;tza;dza;0.0;3000.0
1970;tza;egy;1594000.0;1858000.0
1970;tza;esp;2933000.0;862000.0
1970;tza;eth;134000.0;18000.0
1970;tza;fdr;12589000.0;25036000.0
1970;tza;fin;419000.0;144000.0
1970;tza;fio;4000.0;0.0
1970;tza;fji;15000.0;0.0
1970;tza;fra;5360000.0;9006000.0
1970;tza;gbr;36180000.0;57695000.0
1970;tza;gha;25000.0;7000.0
1970;tza;grc;1039000.0;27000.0
1970;tza;guy;37000.0;0.0
1970;tza;hkg;17795000.0;3915000.0
1970;tza;hnd;2000.0;0.0
1970;tza;hun;1000.0;547000.0
1970;tza;idn;202000.0;5000.0
1970;tza;ind;20812000.0;7684000.0
1970;tza;irl;1949000.0;43000.0
1970;tza;irn;320000.0;15129000.0
1970;tza;irq;205000.0;45000.0
1970;tza;isl;0.0;1000.0
1970;tza;isr;130000.0;1897000.0
1970;tza;ita;9242000.0;15313000.0
1970;tza;jor;154000.0;0.0
1970;tza;jpn;18071000.0;20053000.0
1970;tza;kor;5000.0;123000.0
1970;tza;kwt;1019000.0;371000.0
1970;tza;lbn;342000.0;9000.0
1970;tza;lbr;0.0;4000.0
1970;tza;lby;19000.0;0.0
1970;tza;lka;35000.0;25000.0
1970;tza;mar;0.0;4000.0
1970;tza;mdg;9000.0;1000.0
1970;tza;mli;3000.0;0.0
1970;tza;mlt;2000.0;18000.0
1970;tza;mmr;98000.0;0.0
1970;tza;moz;29000.0;0.0
1970;tza;mus;206000.0;0.0
1970;tza;mwi;52000.0;35000.0
1970;tza;mys;752000.0;775000.0
1970;tza;naa;0.0;21000.0
1970;tza;nga;44000.0;7000.0
1970;tza;nld;4315000.0;11673000.0
1970;tza;nor;358000.0;996000.0
1970;tza;nzl;2007000.0;562000.0
1970;tza;pak;508000.0;2955000.0
1970;tza;pol;1173000.0;658000.0
1970;tza;prt;0.0;1000.0
1970;tza;rou;0.0;85000.0
1970;tza;rwa;50000.0;229000.0
1970;tza;sau;555000.0;3599000.0
1970;tza;sdn;193000.0;2000.0
1970;tza;sen;199000.0;0.0
1970;tza;sgp;15592000.0;783000.0
1970;tza;som;26000.0;45000.0
1970;tza;sun;1261000.0;1141000.0
1970;tza;swe;3845000.0;2285000.0
1970;tza;syc;26000.0;7000.0
1970;tza;syr;351000.0;0.0
1970;tza;tha;31000.0;48000.0
1970;tza;tto;53000.0;6000.0
1970;tza;tur;102000.0;2000.0
1970;tza;twn;1276000.0;1080000.0
1970;tza;usa;23794000.0;23413000.0
1970;tza;ven;51000.0;183000.0
1970;tza;wld;236020000.0;271483000.0
1970;tza;xxh;1582000.0;3599000.0
1970;tza;yar;307000.0;101000.0
1970;tza;yug;2774000.0;375000.0
1970;tza;zaf;260000.0;101000.0
1970;tza;zmb;7032000.0;1121000.0
1970;uga;arg;8000.0;3000.0
1970;uga;aus;5540000.0;1089000.0
1970;uga;aut;1746000.0;642000.0
1970;uga;bdi;251000.0;0.0
1970;uga;bel;236000.0;1618000.0
1970;uga;bgr;0.0;10000.0
1970;uga;bhr;920000.0;0.0
1970;uga;bmu;0.0;1000.0
1970;uga;bra;0.0;2000.0
1970;uga;can;7501000.0;1372000.0
1970;uga;che;2246000.0;1070000.0
1970;uga;chn;1527000.0;2254000.0
1970;uga;cod;1547000.0;111000.0
1970;uga;cri;1000.0;0.0
1970;uga;csk;422000.0;635000.0
1970;uga;ddr;136000.0;154000.0
1970;uga;deu;11662000.0;11190000.0
1970;uga;dnk;451000.0;1375000.0
1970;uga;dza;0.0;5000.0
1970;uga;egy;440000.0;79000.0
1970;uga;esp;8454000.0;140000.0
1970;uga;eth;631000.0;6000.0
1970;uga;fdr;11526000.0;11036000.0
1970;uga;fin;1154000.0;285000.0
1970;uga;fio;3000.0;1000.0
1970;uga;fra;654000.0;4422000.0
1970;uga;gbr;40614000.0;43399000.0
1970;uga;gha;10000.0;21000.0
1970;uga;grc;306000.0;44000.0
1970;uga;gtm;0.0;1000.0
1970;uga;hkg;9350000.0;2357000.0
1970;uga;hun;4553000.0;292000.0
1970;uga;idn;21000.0;1000.0
1970;uga;ind;10368000.0;4659000.0
1970;uga;irl;1168000.0;31000.0
1970;uga;irn;16000.0;257000.0
1970;uga;irq;0.0;15000.0
1970;uga;isl;150000.0;0.0
1970;uga;isr;2137000.0;2198000.0
1970;uga;ita;2571000.0;6368000.0
1970;uga;jor;27000.0;0.0
1970;uga;jpn;33251000.0;13959000.0
1970;uga;kor;14000.0;74000.0
1970;uga;kwt;880000.0;0.0
1970;uga;lbn;0.0;17000.0
1970;uga;lby;150000.0;0.0
1970;uga;lka;243000.0;1000.0
1970;uga;mar;427000.0;0.0
1970;uga;mdg;6000.0;2000.0
1970;uga;mlt;13000.0;1000.0
1970;uga;moz;46000.0;0.0
1970;uga;mus;7000.0;0.0
1970;uga;mwi;2000.0;5000.0
1970;uga;mys;115000.0;948000.0
1970;uga;naa;0.0;1000.0
1970;uga;nga;2000.0;10000.0
1970;uga;nld;1504000.0;3609000.0
1970;uga;nor;547000.0;675000.0
1970;uga;nzl;2087000.0;194000.0
1970;uga;pak;1000.0;3096000.0
1970;uga;pol;4973000.0;597000.0
1970;uga;prt;253000.0;0.0
1970;uga;rou;3655000.0;45000.0
1970;uga;rwa;950000.0;20000.0
1970;uga;sau;97000.0;0.0
1970;uga;sdn;4793000.0;16000.0
1970;uga;sgp;648000.0;395000.0
1970;uga;som;89000.0;1000.0
1970;uga;sun;2918000.0;1137000.0
1970;uga;swe;5811000.0;1861000.0
1970;uga;syc;3000.0;0.0
1970;uga;syr;448000.0;0.0
1970;uga;tha;300000.0;622000.0
1970;uga;twn;527000.0;786000.0
1970;uga;usa;47490000.0;7131000.0
1970;uga;wld;232787000.0;125829000.0
1970;uga;xxh;887000.0;3461000.0
1970;uga;yar;698000.0;4000.0
1970;uga;yug;1976000.0;503000.0
1970;uga;zaf;0.0;236000.0
1970;uga;zmb;291000.0;469000.0
1970;ury;arg;6669000.0;28177000.0
1970;ury;aus;168000.0;129000.0
1970;ury;aut;5833000.0;912000.0
1970;ury;bel;5547000.0;2263000.0
1970;ury;bol;275000.0;0.0
1970;ury;bra;11500000.0;31070000.0
1970;ury;brb;1000.0;0.0
1970;ury;can;234000.0;4199000.0
1970;ury;che;3746000.0;3809000.0
1970;ury;chl;4620000.0;1495000.0
1970;ury;civ;0.0;3000.0
1970;ury;cod;4000.0;0.0
1970;ury;col;3189000.0;89000.0
1970;ury;cri;27000.0;0.0
1970;ury;deu;23450000.0;27036000.0
1970;ury;dnk;1528000.0;828000.0
1970;ury;ecu;89000.0;9000.0
1970;ury;egy;1321000.0;0.0
1970;ury;esp;10046000.0;5605000.0
1970;ury;fdr;23450000.0;27036000.0
1970;ury;fin;299000.0;542000.0
1970;ury;fra;8271000.0;5448000.0
1970;ury;gbr;20526000.0;15048000.0
1970;ury;gha;43000.0;0.0
1970;ury;glp;185000.0;0.0
1970;ury;grc;12204000.0;55000.0
1970;ury;gtm;31000.0;0.0
1970;ury;guf;60000.0;0.0
1970;ury;guy;1000.0;0.0
1970;ury;hkg;6848000.0;107000.0
1970;ury;hnd;1000.0;0.0
1970;ury;ind;93000.0;850000.0
1970;ury;irl;172000.0;212000.0
1970;ury;irn;3009000.0;0.0
1970;ury;isr;4488000.0;197000.0
1970;ury;ita;21953000.0;7159000.0
1970;ury;jor;9000.0;0.0
1970;ury;jpn;1731000.0;4630000.0
1970;ury;kor;0.0;25000.0
1970;ury;kwt;11000.0;9758000.0
1970;ury;lby;52000.0;0.0
1970;ury;lka;0.0;176000.0
1970;ury;mar;0.0;73000.0
1970;ury;mex;2513000.0;2849000.0
1970;ury;mli;4000.0;0.0
1970;ury;mlt;75000.0;0.0
1970;ury;mys;3000.0;821000.0
1970;ury;naa;16000.0;241000.0
1970;ury;nic;51000.0;0.0
1970;ury;nld;6778000.0;7015000.0
1970;ury;nor;73000.0;142000.0
1970;ury;nzl;0.0;7000.0
1970;ury;pak;0.0;2140000.0
1970;ury;pan;29000.0;0.0
1970;ury;per;2115000.0;1234000.0
1970;ury;phl;39000.0;103000.0
1970;ury;prt;90000.0;156000.0
1970;ury;pry;1562000.0;2667000.0
1970;ury;sen;3000.0;0.0
1970;ury;sgp;74000.0;938000.0
1970;ury;slv;4000.0;0.0
1970;ury;swe;1335000.0;3743000.0
1970;ury;tto;80000.0;210000.0
1970;ury;tun;11000.0;338000.0
1970;ury;tur;0.0;21000.0
1970;ury;twn;180000.0;2000.0
1970;ury;usa;19165000.0;39097000.0
1970;ury;ven;169000.0;2589000.0
1970;ury;wld;193510000.0;214322000.0
1970;ury;yug;901000.0;105000.0
1970;ury;zmb;6000.0;0.0
1970;usa;afg;3508000.0;3869000.0
1970;usa;ago;38104000.0;68638000.0
1970;usa;alb;4000.0;151000.0
1970;usa;arg;420462000.0;171962000.0
1970;usa;aus;1138218000.0;612334000.0
1970;usa;aut;121327000.0;119529000.0
1970;usa;bdi;2717000.0;21239000.0
1970;usa;bel;995420000.0;697958000.0
1970;usa;ben;3401000.0;1598000.0
1970;usa;bfa;2111000.0;1000.0
1970;usa;bgr;15279000.0;2433000.0
1970;usa;bhr;12194000.0;7654000.0
1970;usa;bhs;171238000.0;82120000.0
1970;usa;blz;10609000.0;6610000.0
1970;usa;bmu;91096000.0;1177000.0
1970;usa;bol;54075000.0;24781000.0
1970;usa;bra;918087000.0;669814000.0
1970;usa;brb;24763000.0;8856000.0
1970;usa;caf;1825000.0;6354000.0
1970;usa;can;9491910000.0;11093596000.0
1970;usa;che;551076000.0;463172000.0
1970;usa;chl;344243000.0;157039000.0
1970;usa;chn;0.0;1000.0
1970;usa;civ;30700000.0;92205000.0
1970;usa;cmr;18586000.0;25267000.0
1970;usa;cod;56984000.0;40609000.0
1970;usa;cog;3628000.0;730000.0
1970;usa;col;390177000.0;270430000.0
1970;usa;cri;109809000.0;116814000.0
1970;usa;csk;21873000.0;24298000.0
1970;usa;cub;43000.0;0.0
1970;usa;cyp;8398000.0;1251000.0
1970;usa;ddr;32534000.0;9412000.0
1970;usa;deu;3055776000.0;3145356000.0
1970;usa;dji;766000.0;177000.0
1970;usa;dnk;327400000.0;285639000.0
1970;usa;dom;140538000.0;184029000.0
1970;usa;dza;61052000.0;9522000.0
1970;usa;ecu;116088000.0;108647000.0
1970;usa;egy;48009000.0;22882000.0
1970;usa;esp;896438000.0;358501000.0
1970;usa;eth;14613000.0;67305000.0
1970;usa;fdr;3023242000.0;3135944000.0
1970;usa;fin;136916000.0;114393000.0
1970;usa;fio;1977000.0;399000.0
1970;usa;fji;4568000.0;17185000.0
1970;usa;flk;107000.0;2000.0
1970;usa;fra;1896346000.0;949609000.0
1970;usa;gab;8978000.0;8937000.0
1970;usa;gbr;2755454000.0;2200375000.0
1970;usa;gha;74190000.0;90885000.0
1970;usa;gib;486000.0;209000.0
1970;usa;gin;7141000.0;9218000.0
1970;usa;glp;15172000.0;9163000.0
1970;usa;gmb;428000.0;21000.0
1970;usa;gnb;1503000.0;919000.0
1970;usa;gnq;1351000.0;831000.0
1970;usa;grc;115954000.0;52244000.0
1970;usa;grl;520000.0;1901000.0
1970;usa;gtm;99594000.0;87117000.0
1970;usa;guf;4886000.0;5975000.0
1970;usa;guy;31994000.0;43167000.0
1970;usa;hkg;382274000.0;945498000.0
1970;usa;hnd;90695000.0;102493000.0
1970;usa;hti;33710000.0;32214000.0
1970;usa;hun;28139000.0;6231000.0
1970;usa;idn;258367000.0;182422000.0
1970;usa;ind;608170000.0;298237000.0
1970;usa;irl;109571000.0;134952000.0
1970;usa;irn;219529000.0;74575000.0
1970;usa;irq;22230000.0;3036000.0
1970;usa;isl;12681000.0;46897000.0
1970;usa;isr;322255000.0;149609000.0
1970;usa;ita;1542825000.0;1326069000.0
1970;usa;jam;216928000.0;186959000.0
1970;usa;jor;20656000.0;124000.0
1970;usa;jpn;5564721000.0;5900385000.0
1970;usa;ken;33366000.0;22862000.0
1970;usa;khm;2895000.0;1158000.0
1970;usa;kna;33273000.0;6432000.0
1970;usa;kor;584127000.0;370300000.0
1970;usa;kwt;82809000.0;25405000.0
1970;usa;lao;27709000.0;212000.0
1970;usa;lbn;68404000.0;12844000.0
1970;usa;lbr;46405000.0;50898000.0
1970;usa;lby;76459000.0;71367000.0
1970;usa;lka;22154000.0;26401000.0
1970;usa;mac;777000.0;4346000.0
1970;usa;mar;77523000.0;9617000.0
1970;usa;mdg;9675000.0;31723000.0
1970;usa;mex;1567328000.0;1218657000.0
1970;usa;mli;1665000.0;5591000.0
1970;usa;mlt;6130000.0;1288000.0
1970;usa;mmr;9829000.0;622000.0
1970;usa;mng;2000.0;738000.0
1970;usa;moz;21536000.0;17724000.0
1970;usa;mrt;7880000.0;691000.0
1970;usa;mus;4268000.0;2246000.0
1970;usa;mwi;4456000.0;1912000.0
1970;usa;mys;120328000.0;270173000.0
1970;usa;naa;96266000.0;416409000.0
1970;usa;ncl;26421000.0;8334000.0
1970;usa;ner;3101000.0;79000.0
1970;usa;nga;152387000.0;109929000.0
1970;usa;nic;71798000.0;61773000.0
1970;usa;nld;1278072000.0;529169000.0
1970;usa;nor;258226000.0;142526000.0
1970;usa;npl;1002000.0;1982000.0
1970;usa;nzl;161343000.0;222041000.0
1970;usa;pak;360514000.0;80202000.0
1970;usa;pan;143089000.0;76391000.0
1970;usa;per;198599000.0;340519000.0
1970;usa;phl;354864000.0;471765000.0
1970;usa;png;17785000.0;11714000.0
1970;usa;pol;69831000.0;98677000.0
1970;usa;prk;0.0;3000.0
1970;usa;prt;113077000.0;95457000.0
1970;usa;pry;17093000.0;10606000.0
1970;usa;qat;48790000.0;60851000.0
1970;usa;rou;66279000.0;13425000.0
1970;usa;sau;129022000.0;19700000.0
1970;usa;sdn;8098000.0;11769000.0
1970;usa;sen;9196000.0;752000.0
1970;usa;sgp;266083000.0;81101000.0
1970;usa;shn;433000.0;630000.0
1970;usa;sle;8122000.0;8035000.0
1970;usa;slv;62877000.0;48349000.0
1970;usa;som;3567000.0;247000.0
1970;usa;spm;526000.0;925000.0
1970;usa;sun;118537000.0;72750000.0
1970;usa;sur;35118000.0;56321000.0
1970;usa;swe;609403000.0;399840000.0
1970;usa;syc;200000.0;375000.0
1970;usa;syr;11045000.0;2101000.0
1970;usa;tcd;2348000.0;17000.0
1970;usa;tgo;3668000.0;1349000.0
1970;usa;tha;192841000.0;100173000.0
1970;usa;tto;88880000.0;247558000.0
1970;usa;tun;51675000.0;2955000.0
1970;usa;tur;171958000.0;69805000.0
1970;usa;twn;364886000.0;549577000.0
1970;usa;tza;23413000.0;23794000.0
1970;usa;uga;7131000.0;47490000.0
1970;usa;ury;39097000.0;19165000.0
1970;usa;usa;168490000.0;168490000.0
1970;usa;ven;800734000.0;1149288000.0
1970;usa;vnm;151636000.0;1145000.0
1970;usa;wld;46023193000.0;40365254000.0
1970;usa;wsm;694000.0;337000.0
1970;usa;xxb;16931000.0;218000.0
1970;usa;xxe;17311000.0;667000.0
1970;usa;xxh;1332928000.0;29412000.0
1970;usa;ymd;2737000.0;142000.0
1970;usa;yug;160136000.0;96101000.0
1970;usa;zaf;566517000.0;290816000.0
1970;usa;zmb;46050000.0;1887000.0
1970;usa;zwe;509000.0;115000.0
1970;ven;afg;0.0;4000.0
1970;ven;arg;30533000.0;12632000.0
1970;ven;aus;542000.0;1752000.0
1970;ven;aut;38000.0;3210000.0
1970;ven;bel;50596000.0;27718000.0
1970;ven;ben;179000.0;0.0
1970;ven;bfa;415000.0;0.0
1970;ven;bgr;0.0;25000.0
1970;ven;bhs;11073000.0;286000.0
1970;ven;blz;91000.0;0.0
1970;ven;bmu;2150000.0;0.0
1970;ven;bol;28000.0;8000.0
1970;ven;bra;59009000.0;8345000.0
1970;ven;brb;2701000.0;31000.0
1970;ven;can;324831000.0;65165000.0
1970;ven;che;1117000.0;30404000.0
1970;ven;chl;11682000.0;6746000.0
1970;ven;chn;0.0;1985000.0
1970;ven;civ;1050000.0;0.0
1970;ven;cmr;80000.0;0.0
1970;ven;cod;217000.0;0.0
1970;ven;cog;12000.0;44000.0
1970;ven;col;8900000.0;5651000.0
1970;ven;cri;7643000.0;103000.0
1970;ven;csk;0.0;5067000.0
1970;ven;cub;681000.0;5000.0
1970;ven;cyp;0.0;128000.0
1970;ven;ddr;0.0;673000.0
1970;ven;deu;90669000.0;147437000.0
1970;ven;dnk;6477000.0;11744000.0
1970;ven;dom;4577000.0;381000.0
1970;ven;ecu;8147000.0;99000.0
1970;ven;egy;0.0;367000.0
1970;ven;esp;29350000.0;26414000.0
1970;ven;eth;0.0;20000.0
1970;ven;fdr;90669000.0;146764000.0
1970;ven;fin;4755000.0;4511000.0
1970;ven;fji;1000.0;0.0
1970;ven;fra;47054000.0;50482000.0
1970;ven;gab;8000.0;11000.0
1970;ven;gbr;121252000.0;84667000.0
1970;ven;gha;7726000.0;1000.0
1970;ven;gib;5284000.0;0.0
1970;ven;glp;1754000.0;82000.0
1970;ven;gnb;738000.0;0.0
1970;ven;grc;130000.0;123000.0
1970;ven;grl;5119000.0;0.0
1970;ven;gtm;1153000.0;55000.0
1970;ven;guf;203000.0;0.0
1970;ven;guy;65000.0;237000.0
1970;ven;hkg;337000.0;9658000.0
1970;ven;hnd;10588000.0;7000.0
1970;ven;hti;109000.0;33000.0
1970;ven;hun;0.0;200000.0
1970;ven;idn;69000.0;180000.0
1970;ven;ind;19000.0;380000.0
1970;ven;irl;4000.0;747000.0
1970;ven;irn;10000.0;464000.0
1970;ven;irq;0.0;2000.0
1970;ven;isl;0.0;19000.0
1970;ven;isr;1470000.0;1013000.0
1970;ven;ita;54294000.0;81521000.0
1970;ven;jam;30861000.0;634000.0
1970;ven;jpn;22766000.0;131269000.0
1970;ven;ken;0.0;155000.0
1970;ven;khm;0.0;1000.0
1970;ven;kna;9153000.0;3000.0
1970;ven;kor;1000.0;184000.0
1970;ven;kwt;1000.0;0.0
1970;ven;lbn;9000.0;87000.0
1970;ven;lbr;920000.0;20000.0
1970;ven;lby;278000.0;5000.0
1970;ven;lka;0.0;70000.0
1970;ven;mac;0.0;3000.0
1970;ven;mar;1367000.0;230000.0
1970;ven;mdg;0.0;82000.0
1970;ven;mex;4002000.0;25532000.0
1970;ven;mli;443000.0;0.0
1970;ven;mlt;0.0;1000.0
1970;ven;mrt;126000.0;0.0
1970;ven;mys;1000.0;3431000.0
1970;ven;naa;486054000.0;2927000.0
1970;ven;ncl;269000.0;0.0
1970;ven;ner;229000.0;0.0
1970;ven;nga;944000.0;5000.0
1970;ven;nic;8125000.0;65000.0
1970;ven;nld;20538000.0;26694000.0
1970;ven;nor;2287000.0;2571000.0
1970;ven;nzl;1000.0;469000.0
1970;ven;pak;0.0;126000.0
1970;ven;pan;63580000.0;1881000.0
1970;ven;per;4812000.0;5612000.0
1970;ven;phl;93000.0;946000.0
1970;ven;png;0.0;22000.0
1970;ven;pol;126000.0;2951000.0
1970;ven;prt;449000.0;4057000.0
1970;ven;pry;85000.0;24000.0
1970;ven;rou;0.0;8626000.0
1970;ven;sau;0.0;514000.0
1970;ven;sdn;0.0;644000.0
1970;ven;sen;225000.0;0.0
1970;ven;sgp;133000.0;84000.0
1970;ven;sle;97000.0;0.0
1970;ven;slv;3228000.0;132000.0
1970;ven;som;0.0;9000.0
1970;ven;sun;0.0;59000.0
1970;ven;sur;844000.0;6000.0
1970;ven;swe;39840000.0;18978000.0
1970;ven;syr;0.0;26000.0
1970;ven;tcd;468000.0;0.0
1970;ven;tgo;773000.0;0.0
1970;ven;tha;268000.0;70000.0
1970;ven;tto;133726000.0;697000.0
1970;ven;tur;4000.0;58000.0
1970;ven;twn;148000.0;1524000.0
1970;ven;tza;183000.0;51000.0
1970;ven;ury;2589000.0;169000.0
1970;ven;usa;1149288000.0;800734000.0
1970;ven;vnm;1000.0;0.0
1970;ven;wld;2911158000.0;1637952000.0
1970;ven;xxe;6438000.0;0.0
1970;ven;yug;295000.0;808000.0
1970;ven;zaf;154000.0;4530000.0
1970;ven;zmb;6000.0;10000.0
1970;ven;zwe;0.0;2000.0
1970;vnm;ago;0.0;138000.0
1970;vnm;arg;0.0;48000.0
1970;vnm;aus;108000.0;1861000.0
1970;vnm;aut;107000.0;30000.0
1970;vnm;bel;182000.0;3303000.0
1970;vnm;bhr;30000.0;770000.0
1970;vnm;blz;0.0;2000.0
1970;vnm;bra;0.0;103000.0
1970;vnm;can;12000.0;1639000.0
1970;vnm;che;102000.0;3104000.0
1970;vnm;civ;3000.0;0.0
1970;vnm;cmr;3000.0;0.0
1970;vnm;cod;0.0;4000.0
1970;vnm;deu;1236000.0;7807000.0
1970;vnm;dnk;4000.0;282000.0
1970;vnm;dza;1000.0;5000.0
1970;vnm;egy;1000.0;44000.0
1970;vnm;esp;0.0;273000.0
1970;vnm;eth;15000.0;0.0
1970;vnm;fdr;1236000.0;7807000.0
1970;vnm;fin;4000.0;178000.0
1970;vnm;fio;3000.0;0.0
1970;vnm;fji;16000.0;0.0
1970;vnm;fra;6625000.0;20476000.0
1970;vnm;gab;1000.0;9000.0
1970;vnm;gbr;1068000.0;4977000.0
1970;vnm;grc;0.0;7000.0
1970;vnm;hkg;4150000.0;2627000.0
1970;vnm;idn;7000.0;949000.0
1970;vnm;ind;0.0;1225000.0
1970;vnm;irl;14000.0;79000.0
1970;vnm;irn;4000.0;734000.0
1970;vnm;isl;0.0;1000.0
1970;vnm;isr;0.0;105000.0
1970;vnm;ita;589000.0;5725000.0
1970;vnm;jpn;10869000.0;52027000.0
1970;vnm;khm;404000.0;70000.0
1970;vnm;kor;2084000.0;7282000.0
1970;vnm;kwt;0.0;14000.0
1970;vnm;lao;123000.0;1000.0
1970;vnm;mar;140000.0;714000.0
1970;vnm;mdg;9000.0;0.0
1970;vnm;mex;0.0;85000.0
1970;vnm;mmr;62000.0;3000.0
1970;vnm;mus;20000.0;0.0
1970;vnm;mys;3154000.0;2060000.0
1970;vnm;nld;366000.0;4839000.0
1970;vnm;nor;1000.0;8000.0
1970;vnm;nzl;0.0;234000.0
1970;vnm;pak;1395000.0;28000.0
1970;vnm;pan;0.0;4000.0
1970;vnm;per;0.0;236000.0
1970;vnm;phl;317000.0;1228000.0
1970;vnm;png;0.0;3000.0
1970;vnm;prt;0.0;371000.0
1970;vnm;pry;0.0;20000.0
1970;vnm;sau;0.0;3090000.0
1970;vnm;sdn;0.0;7000.0
1970;vnm;sen;6000.0;0.0
1970;vnm;sgp;5625000.0;18351000.0
1970;vnm;som;0.0;4000.0
1970;vnm;swe;44000.0;834000.0
1970;vnm;syr;0.0;5000.0
1970;vnm;tha;63000.0;811000.0
1970;vnm;tun;1000.0;1000.0
1970;vnm;twn;1464000.0;25322000.0
1970;vnm;usa;1145000.0;151636000.0
1970;vnm;ven;0.0;1000.0
1970;vnm;wld;41722000.0;325794000.0
1970;vnm;xxb;1000.0;0.0
1970;vnm;xxh;132000.0;0.0
1970;vnm;yug;10000.0;0.0
1970;vnm;zmb;2000.0;0.0
1970;wld;afg;109681000.0;113009000.0
1970;wld;ago;315708000.0;452899000.0
1970;wld;alb;27091000.0;13072000.0
1970;wld;are;90407000.0;115137000.0
1970;wld;arg;1688976000.0;2099156000.0
1970;wld;aus;4482265000.0;5350567000.0
1970;wld;aut;3531326000.0;2805468000.0
1970;wld;bdi;20665000.0;28705000.0
1970;wld;bel;11362209000.0;11254204000.0
1970;wld;ben;63497000.0;35219000.0
1970;wld;bfa;46544000.0;19628000.0
1970;wld;bgr;412455000.0;352161000.0
1970;wld;bhr;169097000.0;228685000.0
1970;wld;bhs;288827000.0;105721000.0
1970;wld;blz;23516000.0;15956000.0
1970;wld;bmu;253016000.0;65880000.0
1970;wld;bol;159340000.0;179237000.0
1970;wld;bra;2844585000.0;3005277000.0
1970;wld;brb;117277000.0;44614000.0
1970;wld;caf;35132000.0;54102000.0
1970;wld;can;13349932000.0;16984667000.0
1970;wld;che;6470864000.0;5264634000.0
1970;wld;chl;934435000.0;1291575000.0
1970;wld;chn;1596393000.0;1665760000.0
1970;wld;civ;387294000.0;589632000.0
1970;wld;cmr;242097000.0;258393000.0
1970;wld;cod;532869000.0;1031735000.0
1970;wld;cog;61161000.0;82111000.0
1970;wld;col;842894000.0;793706000.0
1970;wld;cri;315338000.0;293265000.0
1970;wld;csk;1022326000.0;1088251000.0
1970;wld;cub;385205000.0;269734000.0
1970;wld;cyp;196100000.0;104512000.0
1970;wld;ddr;625995000.0;611227000.0
1970;wld;deu;30440576000.0;35076042000.0
1970;wld;dji;28043000.0;1100000.0
1970;wld;dnk;4384360000.0;3278688000.0
1970;wld;dom;288375000.0;230069000.0
1970;wld;dza;1096836000.0;1053389000.0
1970;wld;ecu;266433000.0;329383000.0
1970;wld;egy;786452000.0;965076000.0
1970;wld;esp;4717733000.0;2511144000.0
1970;wld;eth;174760000.0;148554000.0
1970;wld;fdr;29814581000.0;34464815000.0
1970;wld;fin;2637235000.0;2499502000.0
1970;wld;fio;160944000.0;71509000.0
1970;wld;fji;103720000.0;99853000.0
1970;wld;flk;979000.0;1621000.0
1970;wld;fra;18922286000.0;17804672000.0
1970;wld;gab;85183000.0;189523000.0
1970;wld;gbr;21724471000.0;20307223000.0
1970;wld;gha;409922000.0;439992000.0
1970;wld;gib;33831000.0;3023000.0
1970;wld;gin;52529000.0;63808000.0
1970;wld;glp;273389000.0;93068000.0
1970;wld;gmb;16991000.0;18431000.0
1970;wld;gnb;46585000.0;14283000.0
1970;wld;gnq;25641000.0;26068000.0
1970;wld;grc;1958231000.0;739119000.0
1970;wld;grl;6360000.0;2562000.0
1970;wld;gtm;282347000.0;319782000.0
1970;wld;guf;45279000.0;8819000.0
1970;wld;guy;134292000.0;145206000.0
1970;wld;hkg;2905154000.0;2369098000.0
1970;wld;hnd;219402000.0;212433000.0
1970;wld;hti;65480000.0;51148000.0
1970;wld;hun;782225000.0;691814000.0
1970;wld;idn;958312000.0;1385564000.0
1970;wld;ind;2094002000.0;2240165000.0
1970;wld;irl;1566577000.0;1166601000.0
1970;wld;irn;1693091000.0;2708434000.0
1970;wld;irq;349448000.0;1043181000.0
1970;wld;isl;157072000.0;167186000.0
1970;wld;isr;1451006000.0;721305000.0
1970;wld;ita;14939004000.0;13205253000.0
1970;wld;jam;479065000.0;342975000.0
1970;wld;jor;184391000.0;40385000.0
1970;wld;jpn;18882573000.0;17961824000.0
1970;wld;ken;401151000.0;253350000.0
1970;wld;khm;52005000.0;46129000.0
1970;wld;kir;23215000.0;25793000.0
1970;wld;kna;116256000.0;39688000.0
1970;wld;kor;1983422000.0;816303000.0
1970;wld;kwt;624684000.0;2244583000.0
1970;wld;lao;113825000.0;7179000.0
1970;wld;lbn;569073000.0;275049000.0
1970;wld;lbr;158157000.0;317344000.0
1970;wld;lby;554687000.0;2571868000.0
1970;wld;lka;386595000.0;371089000.0
1970;wld;mac;6937000.0;52339000.0
1970;wld;mar;684202000.0;627531000.0
1970;wld;mdg;170447000.0;155340000.0
1970;wld;mex;2460701000.0;1768406000.0
1970;wld;mli;44710000.0;31240000.0
1970;wld;mlt;160668000.0;31723000.0
1970;wld;mmr;169489000.0;134249000.0
1970;wld;mng;715000.0;2612000.0
1970;wld;moz;279668000.0;215932000.0
1970;wld;mrt;55767000.0;106547000.0
1970;wld;mus;80485000.0;77036000.0
1970;wld;mwi;86011000.0;54684000.0
1970;wld;mys;1402686000.0;2060474000.0
1970;wld;naa;791964000.0;683590000.0
1970;wld;ncl;258774000.0;221729000.0
1970;wld;ner;58280000.0;35439000.0
1970;wld;nga;1068884000.0;1282405000.0
1970;wld;nic;197332000.0;186893000.0
1970;wld;nld;13220555000.0;12744882000.0
1970;wld;nor;3560403000.0;2596813000.0
1970;wld;npl;50188000.0;25074000.0
1970;wld;nzl;1237570000.0;1400626000.0
1970;wld;omn;66599000.0;436990000.0
1970;wld;pak;1171077000.0;713652000.0
1970;wld;pan;356609000.0;208205000.0
1970;wld;per;621677000.0;1105070000.0
1970;wld;phl;1211114000.0;1241275000.0
1970;wld;png;206742000.0;74074000.0
1970;wld;pol;1138772000.0;1308715000.0
1970;wld;prk;53724000.0;64533000.0
1970;wld;prt;1590222000.0;976119000.0
1970;wld;pry;75267000.0;80281000.0
1970;wld;qat;131779000.0;409666000.0
1970;wld;rou;835062000.0;769073000.0
1970;wld;rwa;15306000.0;8270000.0
1970;wld;sau;695532000.0;2336185000.0
1970;wld;sdn;311192000.0;309296000.0
1970;wld;sen;192443000.0;164617000.0
1970;wld;sgp;2461250000.0;787790000.0
1970;wld;shn;2333000.0;801000.0
1970;wld;sle;83777000.0;54638000.0
1970;wld;slv;212024000.0;243747000.0
1970;wld;som;46213000.0;40396000.0
1970;wld;spm;9322000.0;1934000.0
1970;wld;sun;3963249000.0;3351666000.0
1970;wld;sur;90304000.0;146041000.0
1970;wld;swe;7003871000.0;7189028000.0
1970;wld;syc;7517000.0;4667000.0
1970;wld;syr;202597000.0;183660000.0
1970;wld;tcd;55645000.0;37785000.0
1970;wld;tgo;64483000.0;68186000.0
1970;wld;tha;1293444000.0;751759000.0
1970;wld;tto;547367000.0;483219000.0
1970;wld;tun;304587000.0;199436000.0
1970;wld;tur;893335000.0;631635000.0
1970;wld;twn;1545226000.0;1498529000.0
1970;wld;tza;271483000.0;236020000.0
1970;wld;uga;125829000.0;232787000.0
1970;wld;ury;214322000.0;193510000.0
1970;wld;usa;40365254000.0;46023193000.0
1970;wld;ven;1637952000.0;2911158000.0
1970;wld;vnm;325794000.0;41722000.0
1970;wld;wld;301725595000.0;301725595000.0
1970;wld;wsm;11530000.0;5769000.0
1970;wld;xxa;0.0;31000.0
1970;wld;xxb;82389000.0;114813000.0
1970;wld;xxe;102419000.0;237886000.0
1970;wld;xxh;5158895000.0;2577467000.0
1970;wld;yar;34506000.0;7712000.0
1970;wld;ymd;117979000.0;92617000.0
1970;wld;yug;2879441000.0;1635985000.0
1970;wld;zaf;3208152000.0;2067276000.0
1970;wld;zmb;476879000.0;1137720000.0
1970;wld;zwe;14497000.0;59505000.0
1970;wsm;arg;0.0;1000.0
1970;wsm;aus;33000.0;1625000.0
1970;wsm;aut;0.0;3000.0
1970;wsm;bel;0.0;15000.0
1970;wsm;can;0.0;175000.0
1970;wsm;che;93000.0;1000.0
1970;wsm;chn;0.0;83000.0
1970;wsm;csk;0.0;8000.0
1970;wsm;ddr;0.0;13000.0
1970;wsm;deu;604000.0;192000.0
1970;wsm;dnk;1000.0;19000.0
1970;wsm;fdr;604000.0;179000.0
1970;wsm;fin;608000.0;0.0
1970;wsm;fji;10000.0;569000.0
1970;wsm;fra;0.0;169000.0
1970;wsm;gbr;216000.0;728000.0
1970;wsm;hkg;7000.0;339000.0
1970;wsm;ind;0.0;59000.0
1970;wsm;irl;133000.0;1000.0
1970;wsm;irn;0.0;113000.0
1970;wsm;ita;13000.0;17000.0
1970;wsm;jpn;15000.0;1325000.0
1970;wsm;kir;0.0;1000.0
1970;wsm;kor;0.0;1650000.0
1970;wsm;lka;0.0;17000.0
1970;wsm;mex;0.0;8000.0
1970;wsm;mwi;0.0;74000.0
1970;wsm;mys;0.0;13000.0
1970;wsm;ncl;1000.0;0.0
1970;wsm;nld;843000.0;42000.0
1970;wsm;nor;270000.0;1000.0
1970;wsm;nzl;2417000.0;3089000.0
1970;wsm;pak;0.0;84000.0
1970;wsm;per;0.0;1000.0
1970;wsm;phl;0.0;3000.0
1970;wsm;pol;0.0;1000.0
1970;wsm;rou;0.0;15000.0
1970;wsm;sgp;0.0;277000.0
1970;wsm;sun;0.0;56000.0
1970;wsm;swe;0.0;30000.0
1970;wsm;tha;0.0;5000.0
1970;wsm;twn;0.0;4000.0
1970;wsm;usa;337000.0;694000.0
1970;wsm;wld;5769000.0;11530000.0
1970;wsm;xxe;168000.0;3000.0
1970;wsm;yar;0.0;12000.0
1970;wsm;zaf;0.0;8000.0
1970;xxa;gbr;31000.0;0.0
1970;xxa;wld;31000.0;0.0
1970;xxb;arg;0.0;11000.0
1970;xxb;aus;11822000.0;3068000.0
1970;xxb;aut;0.0;170000.0
1970;xxb;bel;0.0;125000.0
1970;xxb;bgr;0.0;1000.0
1970;xxb;can;0.0;30000.0
1970;xxb;che;0.0;67000.0
1970;xxb;chn;0.0;2797000.0
1970;xxb;csk;0.0;40000.0
1970;xxb;cub;0.0;1000.0
1970;xxb;cyp;0.0;2000.0
1970;xxb;ddr;0.0;1000.0
1970;xxb;deu;0.0;1473000.0
1970;xxb;dnk;0.0;571000.0
1970;xxb;esp;0.0;35000.0
1970;xxb;fdr;0.0;1472000.0
1970;xxb;fin;2000.0;9000.0
1970;xxb;fra;0.0;812000.0
1970;xxb;gbr;118000.0;14122000.0
1970;xxb;grc;0.0;73000.0
1970;xxb;hkg;109000.0;2395000.0
1970;xxb;hun;0.0;2000.0
1970;xxb;idn;0.0;156000.0
1970;xxb;ind;0.0;310000.0
1970;xxb;irl;0.0;3000.0
1970;xxb;irq;0.0;2000.0
1970;xxb;isr;0.0;19000.0
1970;xxb;ita;0.0;384000.0
1970;xxb;jpn;503000.0;12910000.0
1970;xxb;khm;1000.0;4000.0
1970;xxb;kor;4977000.0;24000.0
1970;xxb;lka;0.0;52000.0
1970;xxb;mar;0.0;2000.0
1970;xxb;mex;1000.0;2000.0
1970;xxb;mmr;0.0;84000.0
1970;xxb;mys;90889000.0;5674000.0
1970;xxb;naa;0.0;1000.0
1970;xxb;nld;1000.0;1789000.0
1970;xxb;nor;0.0;36000.0
1970;xxb;nzl;4047000.0;101000.0
1970;xxb;pak;21000.0;9000.0
1970;xxb;per;0.0;1000.0
1970;xxb;phl;8000.0;29000.0
1970;xxb;pol;0.0;7000.0
1970;xxb;prk;0.0;1000.0
1970;xxb;prt;0.0;7000.0
1970;xxb;rou;0.0;2000.0
1970;xxb;sgp;614000.0;13968000.0
1970;xxb;sun;0.0;27000.0
1970;xxb;swe;4000.0;220000.0
1970;xxb;tha;5000.0;1961000.0
1970;xxb;twn;1473000.0;1852000.0
1970;xxb;usa;218000.0;16931000.0
1970;xxb;vnm;0.0;1000.0
1970;xxb;wld;114813000.0;82389000.0
1970;xxb;zaf;0.0;16000.0
1970;xxe;arg;0.0;433000.0
1970;xxe;aus;95000.0;3754000.0
1970;xxe;aut;0.0;6000.0
1970;xxe;bel;13000.0;46000.0
1970;xxe;bra;0.0;3000.0
1970;xxe;can;78000.0;1251000.0
1970;xxe;che;11000.0;2393000.0
1970;xxe;cod;1000.0;0.0
1970;xxe;deu;7000.0;2590000.0
1970;xxe;esp;23000.0;8000.0
1970;xxe;fdr;7000.0;2590000.0
1970;xxe;fin;239000.0;3000.0
1970;xxe;fji;22000.0;238000.0
1970;xxe;fra;124000.0;1480000.0
1970;xxe;glp;1000.0;0.0
1970;xxe;grc;2000.0;0.0
1970;xxe;hkg;685000.0;8490000.0
1970;xxe;ind;0.0;12000.0
1970;xxe;irl;0.0;9000.0
1970;xxe;ita;268000.0;194000.0
1970;xxe;jpn;235025000.0;40080000.0
1970;xxe;khm;0.0;19000.0
1970;xxe;kor;16000.0;1228000.0
1970;xxe;kwt;0.0;5755000.0
1970;xxe;lka;0.0;2000.0
1970;xxe;mdg;0.0;9000.0
1970;xxe;mex;15000.0;13000.0
1970;xxe;naa;0.0;484000.0
1970;xxe;nld;58000.0;833000.0
1970;xxe;nor;0.0;20000.0
1970;xxe;nzl;13000.0;5222000.0
1970;xxe;per;0.0;3000.0
1970;xxe;phl;495000.0;2987000.0
1970;xxe;prt;0.0;1000.0
1970;xxe;swe;3000.0;24000.0
1970;xxe;tcd;2000.0;0.0
1970;xxe;tha;1000.0;24000.0
1970;xxe;twn;19000.0;888000.0
1970;xxe;usa;667000.0;17311000.0
1970;xxe;ven;0.0;6438000.0
1970;xxe;wld;237886000.0;102419000.0
1970;xxe;wsm;3000.0;168000.0
1970;xxh;afg;1354000.0;114000.0
1970;xxh;aus;35306000.0;198044000.0
1970;xxh;bel;3157000.0;60169000.0
1970;xxh;ben;174000.0;2000.0
1970;xxh;bfa;99000.0;0.0
1970;xxh;bhr;0.0;6567000.0
1970;xxh;bra;0.0;4096000.0
1970;xxh;brb;0.0;529000.0
1970;xxh;caf;74000.0;40000.0
1970;xxh;chl;4000.0;0.0
1970;xxh;civ;135000.0;214000.0
1970;xxh;cmr;29000.0;259000.0
1970;xxh;cod;2442000.0;169763000.0
1970;xxh;cog;20000.0;113000.0
1970;xxh;cri;1164000.0;117000.0
1970;xxh;deu;649249000.0;697169000.0
1970;xxh;dnk;2967000.0;26753000.0
1970;xxh;ecu;308000.0;0.0
1970;xxh;egy;7921000.0;1267000.0
1970;xxh;esp;500000.0;13073000.0
1970;xxh;eth;329000.0;126000.0
1970;xxh;fdr;649249000.0;697169000.0
1970;xxh;fio;2000.0;0.0
1970;xxh;fji;234000.0;156000.0
1970;xxh;fra;4005000.0;1048000.0
1970;xxh;gab;0.0;9000.0
1970;xxh;gbr;1273772000.0;812380000.0
1970;xxh;gha;2092000.0;101000.0
1970;xxh;grc;1482000.0;649000.0
1970;xxh;guy;14000.0;15000.0
1970;xxh;hkg;2262000.0;979000.0
1970;xxh;hnd;231000.0;15000.0
1970;xxh;idn;0.0;2871000.0
1970;xxh;irl;17244000.0;18077000.0
1970;xxh;isl;4000.0;0.0
1970;xxh;isr;101538000.0;17702000.0
1970;xxh;ita;21055000.0;131591000.0
1970;xxh;jor;127000.0;0.0
1970;xxh;jpn;426000.0;5431000.0
1970;xxh;ken;14808000.0;20780000.0
1970;xxh;khm;1469000.0;0.0
1970;xxh;kor;134000.0;4000.0
1970;xxh;kwt;485000.0;124200000.0
1970;xxh;lbn;0.0;16317000.0
1970;xxh;lbr;521000.0;0.0
1970;xxh;mar;576000.0;2531000.0
1970;xxh;mdg;2660000.0;4417000.0
1970;xxh;mli;3000.0;1000.0
1970;xxh;mlt;0.0;58000.0
1970;xxh;mmr;537000.0;0.0
1970;xxh;mrt;4000.0;70000.0
1970;xxh;mus;1000.0;0.0
1970;xxh;mwi;31000.0;1419000.0
1970;xxh;naa;556000.0;3677000.0
1970;xxh;ner;847000.0;54000.0
1970;xxh;nga;5830000.0;359000.0
1970;xxh;nld;295298000.0;1063683000.0
1970;xxh;nor;0.0;130438000.0
1970;xxh;nzl;2170000.0;7151000.0
1970;xxh;pan;41099000.0;376000.0
1970;xxh;per;0.0;811000.0
1970;xxh;phl;1990000.0;0.0
1970;xxh;prt;8197000.0;6371000.0
1970;xxh;pry;0.0;3477000.0
1970;xxh;sdn;28108000.0;8000.0
1970;xxh;sen;1187000.0;4275000.0
1970;xxh;som;0.0;10000.0
1970;xxh;swe;0.0;230356000.0
1970;xxh;tcd;6000.0;60000.0
1970;xxh;tgo;1000.0;2000.0
1970;xxh;tto;365000.0;30929000.0
1970;xxh;tun;0.0;1758000.0
1970;xxh;twn;4357000.0;335000.0
1970;xxh;tza;3599000.0;1582000.0
1970;xxh;uga;3461000.0;887000.0
1970;xxh;usa;29412000.0;1332928000.0
1970;xxh;vnm;0.0;132000.0
1970;xxh;wld;2577467000.0;5158895000.0
1970;xxh;zmb;35000.0;0.0
1970;yar;arg;0.0;660000.0
1970;yar;aus;518000.0;2911000.0
1970;yar;aut;0.0;30000.0
1970;yar;bel;532000.0;519000.0
1970;yar;ben;107000.0;0.0
1970;yar;bfa;2000.0;0.0
1970;yar;bhr;11000.0;1000.0
1970;yar;bol;9000.0;0.0
1970;yar;che;160000.0;164000.0
1970;yar;civ;33000.0;0.0
1970;yar;deu;321000.0;4693000.0
1970;yar;dnk;90000.0;615000.0
1970;yar;egy;1000.0;1369000.0
1970;yar;esp;2000.0;129000.0
1970;yar;eth;711000.0;1757000.0
1970;yar;fdr;321000.0;4693000.0
1970;yar;fin;0.0;73000.0
1970;yar;fra;126000.0;2562000.0
1970;yar;gbr;639000.0;4260000.0
1970;yar;grc;0.0;2000.0
1970;yar;hkg;0.0;15000.0
1970;yar;ind;20000.0;80000.0
1970;yar;irl;0.0;53000.0
1970;yar;irn;4000.0;139000.0
1970;yar;isr;3000.0;0.0
1970;yar;ita;345000.0;4475000.0
1970;yar;jpn;1795000.0;3707000.0
1970;yar;ken;66000.0;1343000.0
1970;yar;kor;106000.0;0.0
1970;yar;kwt;1000.0;25000.0
1970;yar;lbn;19000.0;43000.0
1970;yar;lka;0.0;634000.0
1970;yar;mar;2000.0;0.0
1970;yar;mli;4000.0;0.0
1970;yar;mlt;0.0;117000.0
1970;yar;ner;19000.0;0.0
1970;yar;nld;1194000.0;1436000.0
1970;yar;nor;48000.0;27000.0
1970;yar;nzl;551000.0;3000.0
1970;yar;pak;4000.0;37000.0
1970;yar;prt;0.0;13000.0
1970;yar;sdn;0.0;46000.0
1970;yar;som;0.0;2000.0
1970;yar;swe;53000.0;105000.0
1970;yar;tgo;99000.0;0.0
1970;yar;tha;0.0;1273000.0
1970;yar;tur;0.0;21000.0
1970;yar;twn;0.0;1000.0
1970;yar;tza;101000.0;307000.0
1970;yar;uga;4000.0;698000.0
1970;yar;wld;7712000.0;34506000.0
1970;yar;wsm;12000.0;0.0
1970;yar;yug;0.0;161000.0
1970;ymd;aus;6900000.0;3569000.0
1970;ymd;aut;11000.0;190000.0
1970;ymd;bel;2907000.0;1065000.0
1970;ymd;ben;4000.0;0.0
1970;ymd;bfa;8000.0;0.0
1970;ymd;bhr;33000.0;1000.0
1970;ymd;can;27000.0;5000.0
1970;ymd;che;379000.0;1212000.0
1970;ymd;civ;62000.0;0.0
1970;ymd;cod;540000.0;1000.0
1970;ymd;deu;2520000.0;4040000.0
1970;ymd;dnk;1064000.0;1519000.0
1970;ymd;egy;340000.0;465000.0
1970;ymd;esp;1000.0;223000.0
1970;ymd;fdr;2520000.0;4040000.0
1970;ymd;fin;0.0;18000.0
1970;ymd;fji;1278000.0;0.0
1970;ymd;fra;1924000.0;1713000.0
1970;ymd;gbr;21944000.0;11443000.0
1970;ymd;gha;0.0;9000.0
1970;ymd;grc;412000.0;31000.0
1970;ymd;hkg;91000.0;4283000.0
1970;ymd;ind;3177000.0;7479000.0
1970;ymd;irl;799000.0;30000.0
1970;ymd;irn;11000.0;40000.0
1970;ymd;isr;3000.0;0.0
1970;ymd;ita;2137000.0;2214000.0
1970;ymd;jor;6000.0;46000.0
1970;ymd;jpn;18728000.0;20450000.0
1970;ymd;ken;42000.0;0.0
1970;ymd;kor;0.0;10000.0
1970;ymd;kwt;102000.0;25576000.0
1970;ymd;lby;78000.0;0.0
1970;ymd;lka;803000.0;3066000.0
1970;ymd;mar;15000.0;2000.0
1970;ymd;mdg;0.0;119000.0
1970;ymd;mli;30000.0;0.0
1970;ymd;mlt;122000.0;404000.0
1970;ymd;mus;577000.0;0.0
1970;ymd;mwi;2000.0;1000.0
1970;ymd;mys;3000.0;333000.0
1970;ymd;nga;499000.0;2000.0
1970;ymd;nld;3055000.0;3782000.0
1970;ymd;nor;0.0;38000.0
1970;ymd;nzl;2195000.0;2000.0
1970;ymd;pak;15570000.0;13150000.0
1970;ymd;phl;0.0;1000.0
1970;ymd;prt;0.0;16000.0
1970;ymd;sdn;0.0;293000.0
1970;ymd;sgp;1687000.0;3570000.0
1970;ymd;som;1365000.0;3215000.0
1970;ymd;swe;1007000.0;214000.0
1970;ymd;tha;1000.0;797000.0
1970;ymd;tto;1000.0;0.0
1970;ymd;twn;0.0;489000.0
1970;ymd;usa;142000.0;2737000.0
1970;ymd;wld;92617000.0;117979000.0
1970;ymd;yug;0.0;116000.0
1970;ymd;zmb;15000.0;0.0
1970;yug;ago;0.0;202000.0
1970;yug;alb;2258000.0;2960000.0
1970;yug;arg;363000.0;6846000.0
1970;yug;aus;697000.0;28356000.0
1970;yug;aut;49844000.0;151750000.0
1970;yug;bdi;2000.0;0.0
1970;yug;bel;12378000.0;39938000.0
1970;yug;ben;16000.0;0.0
1970;yug;bfa;5000.0;0.0
1970;yug;bgr;22119000.0;32848000.0
1970;yug;bhr;48000.0;0.0
1970;yug;bol;10000.0;0.0
1970;yug;bra;607000.0;19787000.0
1970;yug;brb;8000.0;0.0
1970;yug;caf;31000.0;384000.0
1970;yug;can;6941000.0;17492000.0
1970;yug;che;26754000.0;129166000.0
1970;yug;chl;195000.0;1503000.0
1970;yug;chn;4577000.0;2237000.0
1970;yug;civ;91000.0;2859000.0
1970;yug;cmr;16000.0;1486000.0
1970;yug;cod;687000.0;815000.0
1970;yug;cog;3000.0;472000.0
1970;yug;col;5454000.0;8843000.0
1970;yug;cri;178000.0;243000.0
1970;yug;csk;89210000.0;151463000.0
1970;yug;cub;2215000.0;933000.0
1970;yug;cyp;1221000.0;1105000.0
1970;yug;ddr;51110000.0;74238000.0
1970;yug;deu;316447000.0;641396000.0
1970;yug;dnk;7730000.0;9431000.0
1970;yug;dom;11000.0;4000.0
1970;yug;dza;1747000.0;2366000.0
1970;yug;ecu;589000.0;3157000.0
1970;yug;egy;20396000.0;23823000.0
1970;yug;esp;6074000.0;17150000.0
1970;yug;eth;333000.0;340000.0
1970;yug;fdr;265337000.0;567158000.0
1970;yug;fin;5823000.0;3660000.0
1970;yug;fra;50050000.0;109885000.0
1970;yug;gab;11000.0;435000.0
1970;yug;gbr;50408000.0;178607000.0
1970;yug;gha;3527000.0;11482000.0
1970;yug;gin;2551000.0;1285000.0
1970;yug;glp;0.0;417000.0
1970;yug;gmb;7000.0;0.0
1970;yug;grc;31244000.0;41770000.0
1970;yug;gtm;13000.0;0.0
1970;yug;guf;3000.0;59000.0
1970;yug;guy;58000.0;435000.0
1970;yug;hkg;316000.0;825000.0
1970;yug;hnd;18000.0;2463000.0
1970;yug;hti;55000.0;0.0
1970;yug;hun;47805000.0;49094000.0
1970;yug;idn;1604000.0;877000.0
1970;yug;ind;9354000.0;42718000.0
1970;yug;irl;1382000.0;1336000.0
1970;yug;irn;24030000.0;18021000.0
1970;yug;irq;3113000.0;28808000.0
1970;yug;isl;30000.0;160000.0
1970;yug;isr;14624000.0;11352000.0
1970;yug;ita;266477000.0;378034000.0
1970;yug;jor;2758000.0;4027000.0
1970;yug;jpn;2850000.0;37722000.0
1970;yug;ken;1095000.0;1891000.0
1970;yug;khm;19000.0;154000.0
1970;yug;kor;37000.0;82000.0
1970;yug;kwt;2408000.0;6000.0
1970;yug;lbn;2604000.0;6706000.0
1970;yug;lbr;73000.0;251000.0
1970;yug;lby;7238000.0;1424000.0
1970;yug;lka;547000.0;547000.0
1970;yug;mar;4138000.0;6855000.0
1970;yug;mdg;5000.0;157000.0
1970;yug;mex;94000.0;3632000.0
1970;yug;mli;26000.0;2000.0
1970;yug;mlt;1169000.0;14000.0
1970;yug;mmr;3620000.0;2196000.0
1970;yug;mng;0.0;103000.0
1970;yug;mus;7000.0;0.0
1970;yug;mwi;17000.0;0.0
1970;yug;mys;182000.0;12033000.0
1970;yug;naa;4000.0;0.0
1970;yug;ner;58000.0;0.0
1970;yug;nga;2446000.0;1267000.0
1970;yug;nld;21379000.0;49734000.0
1970;yug;nor;9561000.0;6772000.0
1970;yug;npl;15000.0;45000.0
1970;yug;nzl;2713000.0;4970000.0
1970;yug;pak;15569000.0;9466000.0
1970;yug;pan;48000.0;9863000.0
1970;yug;per;182000.0;22018000.0
1970;yug;phl;0.0;82000.0
1970;yug;pol;56836000.0;51741000.0
1970;yug;prk;13000.0;0.0
1970;yug;prt;77000.0;749000.0
1970;yug;pry;17000.0;27000.0
1970;yug;qat;55000.0;0.0
1970;yug;rou;29858000.0;35551000.0
1970;yug;rwa;3000.0;0.0
1970;yug;sau;1538000.0;44000.0
1970;yug;sdn;3276000.0;3004000.0
1970;yug;sen;45000.0;0.0
1970;yug;sgp;2000000.0;4698000.0
1970;yug;sle;28000.0;0.0
1970;yug;slv;12000.0;0.0
1970;yug;som;65000.0;175000.0
1970;yug;sun;241529000.0;193157000.0
1970;yug;sur;1000.0;0.0
1970;yug;swe;20469000.0;40075000.0
1970;yug;syr;1030000.0;0.0
1970;yug;tcd;24000.0;2114000.0
1970;yug;tgo;8000.0;0.0
1970;yug;tha;284000.0;1344000.0
1970;yug;tto;26000.0;32000.0
1970;yug;tun;2626000.0;5193000.0
1970;yug;tur;3189000.0;7569000.0
1970;yug;twn;21000.0;0.0
1970;yug;tza;375000.0;2774000.0
1970;yug;uga;503000.0;1976000.0
1970;yug;ury;105000.0;901000.0
1970;yug;usa;96101000.0;160136000.0
1970;yug;ven;808000.0;295000.0
1970;yug;vnm;0.0;10000.0
1970;yug;wld;1635985000.0;2879441000.0
1970;yug;yar;161000.0;0.0
1970;yug;ymd;116000.0;0.0
1970;yug;zaf;2000.0;1737000.0
1970;yug;zmb;2164000.0;3042000.0
1970;zaf;arg;7177000.0;3956000.0
1970;zaf;aus;24401000.0;83888000.0
1970;zaf;aut;21730000.0;20002000.0
1970;zaf;bel;82249000.0;52013000.0
1970;zaf;ben;0.0;1000.0
1970;zaf;bhr;806000.0;24000.0
1970;zaf;bol;556000.0;0.0
1970;zaf;bra;2292000.0;16427000.0
1970;zaf;caf;40000.0;171000.0
1970;zaf;can;43764000.0;101092000.0
1970;zaf;che;14764000.0;72934000.0
1970;zaf;chl;896000.0;587000.0
1970;zaf;cod;104000.0;0.0
1970;zaf;cog;179000.0;2084000.0
1970;zaf;col;1049000.0;200000.0
1970;zaf;cri;94000.0;5000.0
1970;zaf;deu;289320000.0;527001000.0
1970;zaf;dnk;5964000.0;17193000.0
1970;zaf;ecu;311000.0;0.0
1970;zaf;egy;710000.0;1000.0
1970;zaf;esp;42943000.0;15605000.0
1970;zaf;eth;1000.0;0.0
1970;zaf;fdr;289320000.0;527001000.0
1970;zaf;fin;4818000.0;19474000.0
1970;zaf;fio;4505000.0;13000.0
1970;zaf;fji;184000.0;0.0
1970;zaf;fra;74992000.0;188979000.0
1970;zaf;gab;137000.0;18000.0
1970;zaf;gbr;441162000.0;779269000.0
1970;zaf;gha;285000.0;0.0
1970;zaf;glp;3000.0;0.0
1970;zaf;gmb;2000.0;0.0
1970;zaf;grc;7874000.0;2731000.0
1970;zaf;gtm;120000.0;1212000.0
1970;zaf;hkg;24471000.0;23349000.0
1970;zaf;hnd;12000.0;265000.0
1970;zaf;ind;466000.0;383000.0
1970;zaf;irl;5275000.0;3435000.0
1970;zaf;irn;6345000.0;5161000.0
1970;zaf;isl;168000.0;14000.0
1970;zaf;isr;10219000.0;10687000.0
1970;zaf;ita;77518000.0;160997000.0
1970;zaf;jor;41000.0;0.0
1970;zaf;jpn;372364000.0;329590000.0
1970;zaf;ken;228000.0;575000.0
1970;zaf;khm;1000.0;0.0
1970;zaf;kor;5022000.0;3934000.0
1970;zaf;kwt;550000.0;3000.0
1970;zaf;lao;24000.0;0.0
1970;zaf;lbn;975000.0;297000.0
1970;zaf;lbr;9000.0;0.0
1970;zaf;lby;1000.0;0.0
1970;zaf;lka;5295000.0;13507000.0
1970;zaf;mex;2361000.0;371000.0
1970;zaf;mlt;101000.0;593000.0
1970;zaf;mmr;160000.0;0.0
1970;zaf;mus;6833000.0;1873000.0
1970;zaf;mwi;11027000.0;2191000.0
1970;zaf;mys;56000.0;3733000.0
1970;zaf;naa;266000.0;3846000.0
1970;zaf;nga;137000.0;2000.0
1970;zaf;nic;17000.0;98000.0
1970;zaf;nld;33702000.0;60284000.0
1970;zaf;nor;8715000.0;14663000.0
1970;zaf;nzl;5222000.0;6522000.0
1970;zaf;pak;336000.0;2406000.0
1970;zaf;pan;368000.0;0.0
1970;zaf;per;1396000.0;385000.0
1970;zaf;phl;150000.0;1963000.0
1970;zaf;prt;4756000.0;6913000.0
1970;zaf;pry;1000.0;0.0
1970;zaf;sen;47000.0;30000.0
1970;zaf;slv;60000.0;31000.0
1970;zaf;swe;15899000.0;61689000.0
1970;zaf;tcd;17000.0;0.0
1970;zaf;tgo;2000.0;1000.0
1970;zaf;tha;5403000.0;2085000.0
1970;zaf;tto;0.0;10000.0
1970;zaf;tur;219000.0;179000.0
1970;zaf;twn;2957000.0;3522000.0
1970;zaf;tza;101000.0;260000.0
1970;zaf;uga;236000.0;0.0
1970;zaf;usa;290816000.0;566517000.0
1970;zaf;ven;4530000.0;154000.0
1970;zaf;wld;2067276000.0;3208152000.0
1970;zaf;wsm;8000.0;0.0
1970;zaf;xxb;16000.0;0.0
1970;zaf;yug;1737000.0;2000.0
1970;zaf;zmb;87208000.0;10752000.0
1970;zmb;afg;0.0;13000.0
1970;zmb;ago;0.0;160000.0
1970;zmb;alb;0.0;1000.0
1970;zmb;arg;235000.0;1034000.0
1970;zmb;aus;352000.0;11254000.0
1970;zmb;aut;11127000.0;899000.0
1970;zmb;bel;762000.0;4664000.0
1970;zmb;bgr;0.0;1087000.0
1970;zmb;bhr;2000.0;7000.0
1970;zmb;bhs;0.0;4000.0
1970;zmb;bmu;0.0;10000.0
1970;zmb;bol;0.0;3000.0
1970;zmb;bra;11276000.0;496000.0
1970;zmb;can;13000.0;3651000.0
1970;zmb;che;16117000.0;3763000.0
1970;zmb;chn;47653000.0;3028000.0
1970;zmb;civ;2000.0;122000.0
1970;zmb;cod;3405000.0;1774000.0
1970;zmb;cog;201000.0;39000.0
1970;zmb;csk;1000.0;1724000.0
1970;zmb;cub;0.0;3000.0
1970;zmb;cyp;1000.0;16000.0
1970;zmb;ddr;0.0;50000.0
1970;zmb;deu;127525000.0;23113000.0
1970;zmb;dnk;595000.0;2063000.0
1970;zmb;dza;0.0;8000.0
1970;zmb;egy;1895000.0;68000.0
1970;zmb;esp;25506000.0;1252000.0
1970;zmb;eth;542000.0;0.0
1970;zmb;fdr;127525000.0;23063000.0
1970;zmb;fin;5305000.0;934000.0
1970;zmb;fra;94470000.0;11487000.0
1970;zmb;gab;0.0;104000.0
1970;zmb;gbr;243303000.0;112748000.0
1970;zmb;gha;91000.0;19000.0
1970;zmb;gnq;5000.0;1160000.0
1970;zmb;grc;7237000.0;129000.0
1970;zmb;guy;44000.0;0.0
1970;zmb;hkg;132000.0;10008000.0
1970;zmb;hun;3262000.0;1056000.0
1970;zmb;idn;0.0;131000.0
1970;zmb;ind;40164000.0;3724000.0
1970;zmb;irl;369000.0;85000.0
1970;zmb;irn;887000.0;11298000.0
1970;zmb;irq;0.0;19000.0
1970;zmb;isr;14000.0;2812000.0
1970;zmb;ita;113728000.0;15932000.0
1970;zmb;jam;0.0;22000.0
1970;zmb;jor;0.0;7000.0
1970;zmb;jpn;294683000.0;30527000.0
1970;zmb;ken;436000.0;10961000.0
1970;zmb;khm;0.0;3000.0
1970;zmb;kna;0.0;3000.0
1970;zmb;kor;446000.0;52000.0
1970;zmb;kwt;13000.0;1000.0
1970;zmb;lao;0.0;1000.0
1970;zmb;lbn;546000.0;23000.0
1970;zmb;lbr;4000.0;0.0
1970;zmb;lka;304000.0;131000.0
1970;zmb;mac;0.0;2000.0
1970;zmb;mar;747000.0;63000.0
1970;zmb;mex;1000.0;1000.0
1970;zmb;mlt;2000.0;15000.0
1970;zmb;mmr;0.0;14000.0
1970;zmb;moz;656000.0;1698000.0
1970;zmb;mrt;6000.0;27000.0
1970;zmb;mus;13000.0;22000.0
1970;zmb;mwi;2997000.0;2102000.0
1970;zmb;mys;2664000.0;1100000.0
1970;zmb;nga;19000.0;4000.0
1970;zmb;nld;8503000.0;6243000.0
1970;zmb;nor;11000.0;5888000.0
1970;zmb;nzl;1000.0;719000.0
1970;zmb;pak;255000.0;803000.0
1970;zmb;pan;19000.0;0.0
1970;zmb;phl;10000.0;11000.0
1970;zmb;pol;3210000.0;109000.0
1970;zmb;prk;0.0;23000.0
1970;zmb;prt;2815000.0;328000.0
1970;zmb;pry;0.0;15000.0
1970;zmb;rou;0.0;228000.0
1970;zmb;sau;0.0;441000.0
1970;zmb;sdn;0.0;2000.0
1970;zmb;sen;11000.0;0.0
1970;zmb;sgp;811000.0;1253000.0
1970;zmb;sle;0.0;9000.0
1970;zmb;som;3000.0;5000.0
1970;zmb;sun;0.0;1633000.0
1970;zmb;swe;28341000.0;7283000.0
1970;zmb;syc;0.0;1000.0
1970;zmb;tcd;0.0;2000.0
1970;zmb;tha;15691000.0;626000.0
1970;zmb;tto;177000.0;6000.0
1970;zmb;tun;37000.0;1000.0
1970;zmb;tur;16000.0;3000.0
1970;zmb;twn;34000.0;908000.0
1970;zmb;tza;1121000.0;7032000.0
1970;zmb;uga;469000.0;291000.0
1970;zmb;ury;0.0;6000.0
1970;zmb;usa;1887000.0;46050000.0
1970;zmb;ven;10000.0;6000.0
1970;zmb;vnm;0.0;2000.0
1970;zmb;wld;1137720000.0;476879000.0
1970;zmb;xxh;0.0;35000.0
1970;zmb;ymd;0.0;15000.0
1970;zmb;yug;3042000.0;2164000.0
1970;zmb;zaf;10752000.0;87208000.0
1970;zmb;zwe;736000.0;28849000.0
1970;zwe;arg;0.0;2000.0
1970;zwe;aus;0.0;4916000.0
1970;zwe;bel;142000.0;83000.0
1970;zwe;can;1000.0;15000.0
1970;zwe;che;4296000.0;1968000.0
1970;zwe;cmr;12000.0;0.0
1970;zwe;cod;7117000.0;22000.0
1970;zwe;deu;60000.0;1171000.0
1970;zwe;dnk;0.0;31000.0
1970;zwe;egy;2000.0;0.0
1970;zwe;fdr;60000.0;1171000.0
1970;zwe;fra;62000.0;288000.0
1970;zwe;gab;0.0;1000.0
1970;zwe;gbr;116000.0;858000.0
1970;zwe;irn;38000.0;41000.0
1970;zwe;ita;58000.0;60000.0
1970;zwe;jpn;0.0;3000.0
1970;zwe;lka;0.0;25000.0
1970;zwe;mwi;18598000.0;3754000.0
1970;zwe;nga;15000.0;0.0
1970;zwe;nld;21000.0;14000.0
1970;zwe;nor;1000.0;0.0
1970;zwe;usa;115000.0;509000.0
1970;zwe;ven;2000.0;0.0
1970;zwe;wld;59505000.0;14497000.0
1970;zwe;zmb;28849000.0;736000.0
